744.3271484375	-547.781005859375
744.1173706054688	-548.02783203125
743.8800048828125	-548.3143920898438
743.712890625	-548.6221923828125
743.43115234375	-548.861572265625
743.1703491210938	-549.1775512695312
742.8975219726562	-549.50634765625
742.6192016601562	-549.8417358398438
742.2867431640625	-550.2431640625
742.094482421875	-550.4750366210938
741.8973388671875	-550.7125854492188
741.6929931640625	-550.9575805664062
741.4945678710938	-551.1923828125
741.291015625	-551.430419921875
741.0790405273438	-551.678955078125
740.8587646484375	-551.93896484375
740.6395263671875	-552.1989135742188
740.425048828125	-552.4532470703125
740.212158203125	-552.7057495117188
739.9989624023438	-552.9583129882812
739.788330078125	-553.207763671875
739.570556640625	-553.4658813476562
739.3539428710938	-553.7228393554688
739.1409301757812	-553.9751586914062
738.9390869140625	-554.2142333984375
738.7296142578125	-554.4624633789062
738.5233154296875	-554.7069091796875
738.30908203125	-554.9605712890625
738.1025390625	-555.2047729492188
737.9008178710938	-555.443359375
737.7000122070312	-555.6809692382812
737.490478515625	-555.92919921875
737.2907104492188	-556.1658935546875
737.0886840820312	-556.4052734375
736.8342895507812	-556.7059936523438
736.4765014648438	-557.1290283203125
736.2635498046875	-557.38037109375
736.052734375	-557.6295166015625
735.8417358398438	-557.8792114257812
735.6375122070312	-558.1207885742188
735.4177856445312	-558.3803100585938
735.2105712890625	-558.62255859375
734.9767456054688	-558.8912353515625
734.7716064453125	-559.1254272460938
734.5645751953125	-559.3599853515625
734.3590087890625	-559.5868530273438
733.9509887695312	-560.012939453125
733.7351684570312	-560.22802734375
733.4625854492188	-560.4981689453125
733.102294921875	-560.8544921875
732.6802978515625	-561.2474365234375
732.4690551757812	-561.6076049804688
732.0436401367188	-561.7788696289062
731.7723999023438	-561.9868774414062
731.4181518554688	-562.2344970703125
730.994384765625	-562.49853515625
730.557373046875	-562.7545166015625
730.123291015625	-563.0111083984375
729.6865234375	-563.2728881835938
729.2647094726562	-563.5200805664062
728.8582763671875	-563.7476196289062
728.4547119140625	-563.9592895507812
728.0750732421875	-564.1435546875
727.6942138671875	-564.3120727539062
727.2996215820312	-564.471435546875
726.9157104492188	-564.6156616210938
726.5377807617188	-564.74072265625
726.1668090820312	-564.8395385742188
725.8040161132812	-564.9183959960938
725.4515380859375	-564.9777221679688
725.0933227539062	-565.0171508789062
724.7327880859375	-565.0471801757812
724.3531494140625	-565.0699462890625
723.84765625	-565.09033203125
723.3385620117188	-565.1055908203125
722.8443603515625	-565.1057739257812
722.376220703125	-565.0791015625
721.8935546875	-565.0245361328125
721.431640625	-564.9583740234375
720.9911499023438	-564.8775634765625
720.5451049804688	-564.7735595703125
720.0994873046875	-564.6593017578125
719.6625366210938	-564.53466796875
719.2236328125	-564.39404296875
718.7742919921875	-564.2545776367188
718.3339233398438	-564.124755859375
717.9155883789062	-563.9904174804688
717.5130004882812	-563.841796875
717.106689453125	-563.6822509765625
716.7060546875	-563.5257568359375
716.3275756835938	-563.3681640625
715.9733276367188	-563.2030639648438
715.6019287109375	-563.0112915039062
715.2559204101562	-562.8258666992188
714.9281005859375	-562.6345825195312
714.5775146484375	-562.4091796875
714.140380859375	-562.1217651367188
713.8886108398438	-561.951171875
713.6272583007812	-561.7667236328125
713.3436279296875	-561.5573120117188
713.0380859375	-561.321533203125
712.7176513671875	-561.066650390625
712.4035034179688	-560.8124389648438
712.0782470703125	-560.5491333007812
711.7742919921875	-560.30517578125
711.45166015625	-560.0484008789062
711.135498046875	-559.797607421875
710.82275390625	-559.5490112304688
710.510986328125	-559.3005981445312
710.1948852539062	-559.0469970703125
709.8926391601562	-558.8008422851562
709.5889892578125	-558.54931640625
709.2919311523438	-558.3026733398438
708.9814453125	-558.0465698242188
708.6829223632812	-557.8014526367188
708.3767700195312	-557.5504760742188
708.06103515625	-557.2918090820312
707.7393798828125	-557.028076171875
707.4273681640625	-556.772216796875
707.1050415039062	-556.5086669921875
706.7811279296875	-556.2479858398438
706.4570922851562	-555.9932250976562
706.1419067382812	-555.7474975585938
705.8244018554688	-555.498046875
705.5071411132812	-555.247314453125
705.1994018554688	-555.0035400390625
704.8834228515625	-554.7531127929688
704.569091796875	-554.5042114257812
704.2344970703125	-554.2394409179688
703.8750610351562	-553.9554443359375
703.518798828125	-553.6737670898438
703.1392822265625	-553.3736572265625
702.75390625	-553.0690307617188
702.3878784179688	-552.7798461914062
702.0220947265625	-552.49072265625
701.6345825195312	-552.1843872070312
701.2037963867188	-551.8436889648438
700.7960815429688	-551.5213623046875
700.3817749023438	-551.1939697265625
699.9669189453125	-550.868408203125
699.529541015625	-550.52880859375
699.1009521484375	-550.1964111328125
698.6859130859375	-549.8743286132812
698.2700805664062	-549.5510864257812
697.8470458984375	-549.2218627929688
697.398681640625	-548.872802734375
696.958984375	-548.5305786132812
696.8297119140625	-548.1676635742188
696.4925537109375	-548.1676635742188
696.0084838867188	-547.7911376953125
695.5176391601562	-547.4093627929688
695.0017700195312	-547.0082397460938
694.4630126953125	-546.589111328125
693.9383544921875	-546.18115234375
693.4127807617188	-545.7721557617188
692.8810424804688	-545.3582763671875
692.3571166992188	-544.950439453125
691.8336181640625	-544.5431518554688
691.326904296875	-544.1484985351562
690.802978515625	-543.740478515625
690.6630249023438	-543.3408203125
690.2896118164062	-543.3408203125
689.7811279296875	-542.9450073242188
689.2474975585938	-542.5297241210938
688.7034301757812	-542.1061401367188
688.1569213867188	-541.680908203125
687.5952758789062	-541.24365234375
687.0206298828125	-540.7963256835938
686.4454956054688	-540.348388671875
685.8702392578125	-539.900390625
685.3076782226562	-539.4623413085938
684.7086791992188	-538.9960327148438
684.1448364257812	-538.5570678710938
683.5744018554688	-538.1128540039062
682.998291015625	-537.664306640625
682.4185791015625	-537.2132568359375
681.8515625	-536.7769165039062
681.2822265625	-536.344482421875
680.715087890625	-535.9146118164062
680.1544189453125	-535.4894409179688
679.6004638671875	-535.0689086914062
679.02490234375	-534.631591796875
678.4820556640625	-534.2188110351562
677.9141845703125	-533.7869873046875
677.3134155273438	-533.3300170898438
676.714599609375	-532.8749389648438
676.088134765625	-532.3984985351562
675.4488525390625	-531.9119873046875
674.7986450195312	-531.4142456054688
674.1586303710938	-530.9212036132812
673.5049438476562	-530.41650390625
672.8650512695312	-529.9227294921875
672.2044677734375	-529.4131469726562
671.567626953125	-528.9222412109375
670.9376831054688	-528.4368896484375
670.269775390625	-527.9223022460938
670.269775390625	-527.42724609375
669.6272583007812	-527.42724609375
668.9956665039062	-526.9406127929688
668.364013671875	-526.4537963867188
667.6968383789062	-525.9396362304688
667.0362548828125	-525.4304809570312
666.3294677734375	-524.8858642578125
665.6498413085938	-524.3619384765625
664.9548950195312	-523.8263549804688
664.2654418945312	-523.295166015625
663.5769653320312	-522.7647094726562
662.8856201171875	-522.2322387695312
662.1834106445312	-521.6914672851562
661.5020141601562	-521.166748046875
660.812255859375	-520.6357421875
660.1226196289062	-520.1046142578125
659.4175415039062	-519.5615234375
658.688232421875	-518.9995727539062
657.9574584960938	-518.4363403320312
657.9574584960938	-517.8749389648438
657.2289428710938	-517.8749389648438
656.4567260742188	-517.2799682617188
655.7103271484375	-516.7050170898438
654.9545288085938	-516.1228637695312
654.1907958984375	-515.5347290039062
653.4091186523438	-514.9326782226562
652.671142578125	-514.3642578125
651.8961181640625	-513.7664184570312
651.1380004882812	-513.1764526367188
650.3876953125	-512.5880737304688
649.6305541992188	-511.992919921875
648.8656616210938	-511.39178466796875
648.1160888671875	-510.802978515625
647.3578491210938	-510.2078552246094
646.62939453125	-509.6362609863281
645.886962890625	-509.0539855957031
645.132080078125	-508.4619140625
644.3613891601562	-507.8572082519531
643.5878295898438	-507.2501220703125
642.8314208984375	-506.65631103515625
642.0780029296875	-506.0646667480469
641.295166015625	-505.4499816894531
640.483154296875	-504.8124694824219
639.7293701171875	-504.22064208984375
639.7293701171875	-503.6258850097656
638.9718017578125	-503.6258850097656
638.21435546875	-503.03131103515625
637.44482421875	-502.42718505859375
636.6911010742188	-501.8360900878906
635.940673828125	-501.25531005859375
635.185302734375	-500.6875305175781
635.185302734375	-500.1193542480469
634.4067993164062	-500.1193542480469
633.6647338867188	-499.5846862792969
632.90673828125	-499.03973388671875
632.6915283203125	-498.4837951660156
632.1346435546875	-498.4837951660156
632.1346435546875	-497.94189453125
631.3836669921875	-497.94189453125
630.6047973632812	-497.3782653808594
629.8363647460938	-496.8154296875
629.0733642578125	-496.2410888671875
628.3458862304688	-495.67974853515625
628.1514892578125	-495.1131591796875
627.6178588867188	-495.1131591796875
626.8790893554688	-494.5381164550781
626.1658325195312	-493.9839172363281
625.4521484375	-493.43035888671875
624.719970703125	-492.8631591796875
624.719970703125	-492.3123779296875
624.0086059570312	-492.3123779296875
623.2776489257812	-491.7464904785156
622.5753784179688	-491.2025146484375
621.8460693359375	-490.6375427246094
621.1129150390625	-490.0694885253906
620.4139404296875	-489.5279541015625
619.6846923828125	-488.9630126953125
619.4917602539062	-488.40582275390625
618.9653930664062	-488.40582275390625
618.2446899414062	-487.84771728515625
617.4913330078125	-487.2642822265625
616.7828369140625	-486.7156677246094
616.0435180664062	-486.1430969238281
615.2521362304688	-485.5292663574219
614.4800415039062	-484.9244384765625
613.6936645507812	-484.30303955078125
612.93212890625	-483.7004089355469
612.93212890625	-483.1203918457031
612.19921875	-483.1203918457031
611.4451904296875	-482.5240478515625
610.6776123046875	-481.91729736328125
610.3983154296875	-481.6965637207031
609.8585815429688	-481.2701416015625
609.10400390625	-480.67401123046875
608.3636474609375	-480.08905029296875
608.3636474609375	-479.5188293457031
607.6420288085938	-479.5188293457031
606.9000244140625	-478.93231201171875
606.9000244140625	-478.3589782714844
606.1746215820312	-478.3589782714844
605.4171752929688	-477.76031494140625
604.6910400390625	-477.1862487792969
603.9627075195312	-476.610595703125
603.2374877929688	-476.03729248046875
602.493896484375	-475.4493713378906
601.7636108398438	-474.87225341796875
601.03662109375	-474.2977294921875
600.31640625	-473.7283935546875
599.604736328125	-473.1658935546875
598.86865234375	-472.5841369628906
598.6685791015625	-472.0149841308594
598.1483764648438	-472.0149841308594
597.429931640625	-471.4483337402344
596.693359375	-470.8742980957031
595.9925537109375	-470.3330993652344
595.274169921875	-469.77935791015625
595.274169921875	-469.22314453125
594.552734375	-469.22314453125
593.8342895507812	-468.6687927246094
593.140869140625	-468.1334228515625
592.4117431640625	-467.5701599121094
591.6781616210938	-467.00341796875
590.9520263671875	-466.4425964355469
590.2843627929688	-465.927001953125
589.5921020507812	-465.39239501953125
588.8887939453125	-464.8492126464844
588.1866455078125	-464.30712890625
588.1866455078125	-463.75360107421875
587.4700317382812	-463.75360107421875
586.7320556640625	-463.1835021972656
586.0747680664062	-462.6757507324219
585.3885498046875	-462.1455993652344
585.3885498046875	-461.6129455566406
584.6991577148438	-461.6129455566406
583.9747314453125	-461.05328369140625
583.2477416992188	-460.49163818359375
582.4827880859375	-459.9005432128906
582.4827880859375	-459.36474609375
581.78955078125	-459.36474609375
581.0723876953125	-458.8104248046875
580.372802734375	-458.26953125
579.6512451171875	-457.71173095703125
578.960205078125	-457.1773376464844
578.2400512695312	-456.6205749511719
577.5379638671875	-456.07769775390625
576.8441162109375	-455.5412902832031
576.1266479492188	-454.9866943359375
575.4173583984375	-454.4384460449219
575.4173583984375	-453.8926086425781
574.711181640625	-453.8926086425781
573.9779052734375	-453.3258972167969
573.5128784179688	-452.9665222167969
573.0376586914062	-452.5992431640625
572.3480834960938	-452.0645446777344
571.654052734375	-451.52288818359375
570.9618530273438	-450.9820251464844
570.261962890625	-450.4350280761719
569.7160034179688	-450.0084533691406
569.7160034179688	-449.6265563964844
569.2271728515625	-449.6265563964844
568.5553588867188	-449.10186767578125
567.869873046875	-448.5666198730469
567.1773681640625	-448.0259094238281
566.5060424804688	-447.5016784667969
565.8381958007812	-446.9801025390625
565.1578979492188	-446.4487609863281
564.4979248046875	-445.9332275390625
563.8306274414062	-445.4120788574219
563.1591796875	-444.8876037597656
562.4931030273438	-444.3674011230469
561.8650512695312	-443.8768615722656
561.7050170898438	-443.4157409667969
561.2747802734375	-443.4157409667969
560.716796875	-442.9797668457031
560.18994140625	-442.5680236816406
559.7077026367188	-442.1910705566406
559.2605590820312	-441.8415832519531
558.84814453125	-441.5191650390625
558.4869995117188	-441.23663330078125
558.1305541992188	-440.95806884765625
557.7618408203125	-440.67010498046875
557.3970947265625	-440.38519287109375
557.035888671875	-440.10308837890625
556.6707763671875	-439.8179016113281
556.310302734375	-439.5364074707031
555.9434814453125	-439.2498779296875
555.5785522460938	-438.96484375
555.20751953125	-438.6749267578125
554.837158203125	-438.3855285644531
554.4618530273438	-438.0921936035156
554.1052856445312	-437.81365966796875
553.7394409179688	-437.5278625488281
553.390869140625	-437.2555847167969
553.053466796875	-436.99188232421875
552.7041625976562	-436.7181701660156
552.3636474609375	-436.4480895996094
552.0364990234375	-436.1821594238281
551.7142944335938	-435.9105224609375
551.3883056640625	-435.62548828125
551.0699462890625	-435.3428649902344
550.759033203125	-435.06658935546875
550.4413452148438	-434.7804260253906
550.1405029296875	-434.5013122558594
549.8431396484375	-434.21514892578125
549.5421752929688	-433.91900634765625
549.2415161132812	-433.6224670410156
548.9449462890625	-433.3327941894531
548.6471557617188	-433.04486083984375
548.3465576171875	-432.75384521484375
548.0521240234375	-432.46649169921875
547.7512817382812	-432.1717834472656
547.4545288085938	-431.88055419921875
547.166748046875	-431.5943603515625
546.8865966796875	-431.3086242675781
546.6216430664062	-431.0289611816406
546.3568115234375	-430.73883056640625
546.1005249023438	-430.45123291015625
545.8505859375	-430.1648864746094
545.601806640625	-429.8711853027344
545.3526611328125	-429.5692443847656
545.099853515625	-429.26123046875
544.8511962890625	-428.9607238769531
544.5989990234375	-428.6588439941406
544.3511962890625	-428.3631896972656
544.1008911132812	-428.0639343261719
543.8568115234375	-427.771728515625
543.6057739257812	-427.4705505371094
543.3585205078125	-427.1744079589844
543.1039428710938	-426.8723449707031
542.8587036132812	-426.5829162597656
542.6116943359375	-426.2901306152344
542.3656616210938	-425.9978942871094
542.118408203125	-425.7052307128906
541.873779296875	-425.4200439453125
541.6168823242188	-425.1289978027344
541.3573608398438	-424.8457336425781
541.0911865234375	-424.5673828125
540.81884765625	-424.2953796386719
540.5518798828125	-424.036865234375
540.2896118164062	-423.784423828125
540.0345458984375	-423.53662109375
539.7871704101562	-423.2928466796875
539.5311889648438	-423.03875732421875
539.2567749023438	-422.76654052734375
538.9959716796875	-422.509033203125
538.7394409179688	-422.2576904296875
538.4816284179688	-422.0091857910156
538.220458984375	-421.7635498046875
537.9605712890625	-421.52569580078125
537.6990356445312	-421.2895202636719
537.4434204101562	-421.0570983886719
537.1936645507812	-420.8269958496094
536.9371337890625	-420.58935546875
536.6790771484375	-420.3516540527344
536.427734375	-420.1258544921875
536.1727294921875	-419.9020080566406
535.9111328125	-419.6795959472656
535.6513671875	-419.46636962890625
535.37939453125	-419.2494812011719
535.113037109375	-419.04229736328125
534.8510131835938	-418.8448181152344
534.598876953125	-418.659423828125
534.3363037109375	-418.4668273925781
534.079833984375	-418.2765808105469
533.7891235351562	-418.05889892578125
533.4967041015625	-417.83856201171875
533.184326171875	-417.6034851074219
532.8636474609375	-417.3629455566406
532.5322875976562	-417.114990234375
532.2086791992188	-416.8730773925781
531.884521484375	-416.63104248046875
531.5576782226562	-416.386962890625
531.2081909179688	-416.1258239746094
530.8519897460938	-415.8595886230469
530.4681396484375	-415.5726318359375
530.1027221679688	-415.29931640625
529.7301635742188	-415.0207214355469
529.3482666015625	-414.7351989746094
528.9744873046875	-414.4557189941406
528.6090698242188	-414.1825256347656
528.2319946289062	-413.90045166015625
527.8739013671875	-413.6326599121094
527.507080078125	-413.3583984375
527.1389770507812	-413.0831298828125
526.7621459960938	-412.8013000488281
526.3675537109375	-412.5061950683594
525.9769897460938	-412.2141418457031
525.5960693359375	-411.92926025390625
525.2085571289062	-411.6394958496094
524.8255004882812	-411.35308837890625
524.4459228515625	-411.06915283203125
524.0646362304688	-410.78399658203125
523.6869506835938	-410.50152587890625
523.3056640625	-410.21636962890625
523.2000732421875	-409.92816162109375
522.5384521484375	-409.64251708984375
522.1641845703125	-409.3625793457031
521.7844848632812	-409.07745361328125
521.4225463867188	-408.80242919921875
521.0457153320312	-408.51416015625
520.6758422851562	-408.231689453125
520.3109741210938	-407.9537048339844
519.9492797851562	-407.678466796875
519.5667724609375	-407.3866882324219
519.206787109375	-407.1096496582031
518.8504028320312	-406.83502197265625
518.4677124023438	-406.54052734375
518.0830078125	-406.2447509765625
517.6935424804688	-405.9453430175781
517.3014526367188	-405.64410400390625
516.9137573242188	-405.3465576171875
516.5313110351562	-405.05474853515625
516.1320190429688	-404.75604248046875
515.7499389648438	-404.4766540527344
515.3636474609375	-404.1969909667969
514.9710083007812	-403.9120178222656
514.5722045898438	-403.6211853027344
514.1761474609375	-403.33111572265625
513.7823486328125	-403.0425109863281
513.3914184570312	-402.7560119628906
513.0011596679688	-402.4704284667969
512.60205078125	-402.1785888671875
512.20703125	-401.8891296386719
511.8108215332031	-401.5973815917969
511.4281005859375	-401.3153076171875
511.04913330078125	-401.0350036621094
510.66961669921875	-400.752685546875
510.2853088378906	-400.467041015625
509.8790588378906	-400.16558837890625
509.4599914550781	-399.8547058105469
509.0216369628906	-399.5295104980469
508.5789489746094	-399.2010498046875
508.1203918457031	-398.86077880859375
508.1203918457031	-398.5120544433594
507.6506652832031	-398.5120544433594
507.1671447753906	-398.1519470214844
507.1671447753906	-397.7743225097656
506.66204833984375	-397.7743225097656
506.177978515625	-397.412353515625
505.6952209472656	-397.0514221191406
505.2049560546875	-396.6850280761719
504.73321533203125	-396.33258056640625
504.2466125488281	-395.9691162109375
503.7618408203125	-395.6070861816406
503.2989807128906	-395.2610778808594
502.8404541015625	-394.9162292480469
502.36029052734375	-394.5531005859375
501.8945617675781	-394.2008361816406
501.4101257324219	-393.8345031738281
501.4101257324219	-393.4830322265625
500.94500732421875	-393.4830322265625
500.820068359375	-393.13641357421875
500.48602294921875	-393.13641357421875
500.0264587402344	-392.7894592285156
499.89801025390625	-392.445068359375
499.570556640625	-392.445068359375
499.1144714355469	-392.0989685058594
498.64837646484375	-391.7441101074219
498.1869812011719	-391.3926696777344
497.7308654785156	-391.0454406738281
497.28594970703125	-390.70684814453125
496.8374938964844	-390.3655090332031
496.3945617675781	-390.0260925292969
495.9534606933594	-389.6816711425781
495.9534606933594	-389.32958984375
495.51055908203125	-389.32958984375
495.3825988769531	-388.9769592285156
495.068603515625	-388.9769592285156
494.6345520019531	-388.6311340332031
494.1959533691406	-388.28265380859375
494.1959533691406	-387.9382019042969
493.7616882324219	-387.9382019042969
493.6419677734375	-387.5903015136719
493.32257080078125	-387.5903015136719
492.880126953125	-387.2397155761719
492.44305419921875	-386.89312744140625
492.44305419921875	-386.52606201171875
491.98065185546875	-386.52606201171875
491.52288818359375	-386.16265869140625
491.04656982421875	-385.7846984863281
490.54986572265625	-385.3907165527344
490.0458068847656	-384.9908752441406
489.51849365234375	-384.572509765625
488.96099853515625	-384.13031005859375
488.41778564453125	-383.69952392578125
487.8466491699219	-383.2465515136719
487.6506042480469	-382.76806640625
487.2431945800781	-382.76806640625
486.66607666015625	-382.31048583984375
486.0877990722656	-381.8519287109375
485.5302734375	-381.4099426269531
484.9833068847656	-380.97637939453125
484.4154052734375	-380.5263366699219
483.8052062988281	-380.0431213378906
483.25885009765625	-379.61297607421875
482.7121887207031	-379.1841735839844
482.1487731933594	-378.74224853515625
481.5862731933594	-378.301025390625
481.03948974609375	-377.8718566894531
480.89306640625	-377.4453125
480.4961853027344	-377.4453125
479.9662780761719	-377.0291748046875
479.41656494140625	-376.59747314453125
478.86248779296875	-376.1626892089844
478.3161315917969	-375.7381896972656
478.3161315917969	-375.3214111328125
477.77325439453125	-375.3214111328125
477.6123352050781	-374.90313720703125
477.2263488769531	-374.90313720703125
476.68927001953125	-374.4923095703125
476.15948486328125	-374.0865173339844
475.6229553222656	-373.67510986328125
475.0877990722656	-373.2645568847656
474.5493469238281	-372.8512878417969
474.000244140625	-372.4299621582031
473.43499755859375	-371.996337890625
472.8622741699219	-371.55706787109375
472.31182861328125	-371.1349792480469
471.7410888671875	-370.69732666015625
471.1839599609375	-370.2701721191406
470.62005615234375	-369.8377380371094
470.07275390625	-369.4180908203125
469.5032653808594	-368.9812927246094
469.5032653808594	-368.5310363769531
468.9162902832031	-368.5310363769531
468.3245849609375	-368.0772705078125
467.7124328613281	-367.6078186035156
467.1271057128906	-367.15887451171875
466.5380859375	-366.70709228515625
465.9388427734375	-366.2474365234375
465.3316345214844	-365.78167724609375
464.6991271972656	-365.29644775390625
464.06085205078125	-364.806884765625
463.40740966796875	-364.3056945800781
462.7504577636719	-363.8016357421875
462.0970458984375	-363.3001708984375
461.4251708984375	-362.7845458984375
460.76312255859375	-362.27630615234375
460.0881042480469	-361.7579650878906
459.43634033203125	-361.2575988769531
458.7835998535156	-360.7564392089844
458.1392822265625	-360.2618103027344
457.4868469238281	-359.7610778808594
456.8402099609375	-359.2647705078125
456.201416015625	-358.7745056152344
455.5555114746094	-358.2787780761719
454.92144775390625	-357.7921142578125
454.2559509277344	-357.28118896484375
453.6359558105469	-356.80523681640625
452.9987487792969	-356.3160705566406
452.3558349609375	-355.8223876953125
451.7214050292969	-355.3353271484375
451.7214050292969	-354.84844970703125
451.087158203125	-354.84844970703125
450.4662170410156	-354.37152099609375
449.83441162109375	-353.88348388671875
449.2018127441406	-353.3923034667969
448.5773010253906	-352.9068908691406
447.9341735839844	-352.40704345703125
447.314453125	-351.9256896972656
446.6994323730469	-351.4480895996094
446.08544921875	-350.9714050292969
445.467041015625	-350.4914245605469
444.8504333496094	-350.01275634765625
444.6806640625	-349.535888671875
444.23602294921875	-349.535888671875
443.60052490234375	-349.0426025390625
442.99224853515625	-348.57037353515625
442.3863525390625	-348.1000671386719
441.7723388671875	-347.6234130859375
441.16217041015625	-347.149658203125
440.56219482421875	-346.683837890625
439.9625549316406	-346.21826171875
439.3738098144531	-345.7611999511719
438.7773132324219	-345.2981262207031
438.1654357910156	-344.8231506347656
437.5721130371094	-344.362548828125
436.98345947265625	-343.90557861328125
436.98345947265625	-343.4463195800781
436.391845703125	-343.4463195800781
435.8108825683594	-342.99530029296875
435.22308349609375	-342.5390319824219
434.6513671875	-342.09521484375
434.06689453125	-341.64141845703125
433.48077392578125	-341.18646240234375
432.8883056640625	-340.7265319824219
432.3318786621094	-340.2945556640625
431.75689697265625	-339.84820556640625
431.2164611816406	-339.4286804199219
430.689697265625	-339.0194396972656
430.19195556640625	-338.6329650878906
430.19195556640625	-338.2359619140625
429.6805419921875	-338.2359619140625
429.1849670410156	-337.8512878417969
428.6793518066406	-337.4588317871094
428.1892395019531	-337.078369140625
428.1892395019531	-336.7054748535156
427.7088317871094	-336.7054748535156
427.2485046386719	-336.3480224609375
426.79412841796875	-335.9952392578125
426.3414001464844	-335.6437072753906
425.8979797363281	-335.2995300292969
425.43994140625	-334.9440002441406
424.9881286621094	-334.5932922363281
424.53173828125	-334.2391052246094
424.08111572265625	-333.8893127441406
423.6180114746094	-333.5295104980469
423.1599426269531	-333.173583984375
422.7032165527344	-332.81878662109375
422.25457763671875	-332.4703674316406
421.8049011230469	-332.12078857421875
421.3622131347656	-331.77618408203125
420.9185485839844	-331.4308776855469
420.46649169921875	-331.07940673828125
420.0328674316406	-330.7422180175781
419.6381530761719	-330.4344177246094
419.2333068847656	-330.1191101074219
418.8467712402344	-329.8185119628906
418.4427795410156	-329.50469970703125
418.0415344238281	-329.19305419921875
417.6504211425781	-328.8891296386719
417.2662658691406	-328.59051513671875
416.8675537109375	-328.2806396484375
416.4839172363281	-327.9825134277344
416.0921325683594	-327.677978515625
415.70745849609375	-327.37908935546875
415.6007385253906	-327.0807800292969
414.938232421875	-326.7811279296875
414.55584716796875	-326.4822082519531
414.16961669921875	-326.1750793457031
413.8026123046875	-325.87432861328125
413.4479064941406	-325.57171630859375
413.0845947265625	-325.24932861328125
412.7167053222656	-324.916015625
412.3536376953125	-324.58575439453125
412.00048828125	-324.2650146484375
411.6431579589844	-323.9365539550781
411.2929382324219	-323.607177734375
411.1962585449219	-323.2770690917969
410.6049499511719	-322.9462585449219
410.2669982910156	-322.6134948730469
409.9190368652344	-322.25872802734375
409.60302734375	-321.9213562011719
409.3007507324219	-321.5834045410156
408.9912109375	-321.2267150878906
408.68603515625	-320.87078857421875
408.3783874511719	-320.5130310058594
408.0731506347656	-320.1609802246094
407.7574462890625	-319.7991638183594
407.443603515625	-319.4399108886719
407.1290283203125	-319.0792236328125
406.8161926269531	-318.7198181152344
406.50909423828125	-318.3665771484375
406.19525146484375	-318.0056457519531
405.8782958984375	-317.6411437988281
405.5728454589844	-317.2891540527344
405.2546081542969	-316.9218444824219
404.94207763671875	-316.5613098144531
404.6295471191406	-316.2014465332031
404.3158264160156	-315.8431091308594
403.98785400390625	-315.4760437011719
403.677490234375	-315.1355895996094
403.3585510253906	-314.7881774902344
403.0358581542969	-314.437744140625
402.7135925292969	-314.09405517578125
402.388671875	-313.7580871582031
402.0464782714844	-313.4186096191406
401.6965026855469	-313.0864562988281
401.3572998046875	-312.7755126953125
401.00732421875	-312.4658203125
400.650146484375	-312.1639404296875
400.29193115234375	-311.87640380859375
399.9395751953125	-311.6068420410156
399.5865173339844	-311.3445129394531
399.23626708984375	-311.08709716796875
398.89617919921875	-310.8359680175781
398.5585632324219	-310.58111572265625
398.2226867675781	-310.3211975097656
397.8890380859375	-310.0607604980469
397.5394287109375	-309.789306640625
397.2177429199219	-309.5411682128906
396.88812255859375	-309.2880554199219
396.5335998535156	-309.0168151855469
396.1797180175781	-308.7455139160156
395.8017578125	-308.4552307128906
395.41168212890625	-308.155029296875
395.0299072265625	-307.8597717285156
394.652099609375	-307.5658264160156
394.2679748535156	-307.26690673828125
393.8922424316406	-306.974853515625
393.5164489746094	-306.6830139160156
393.14398193359375	-306.39404296875
392.7604675292969	-306.0965576171875
392.3514404296875	-305.7794189453125
391.9615478515625	-305.4769592285156
391.52191162109375	-305.13580322265625
391.0799255371094	-304.79248046875
390.6497802734375	-304.4570617675781
390.2240295410156	-304.1240234375
389.8017578125	-303.79376220703125
389.3779602050781	-303.46246337890625
388.9620056152344	-303.13739013671875
388.5408630371094	-302.8084716796875
388.1214599609375	-302.48089599609375
387.672607421875	-302.1304016113281
387.2286682128906	-301.78363037109375
386.77056884765625	-301.4256286621094
386.31304931640625	-301.0662536621094
385.8538513183594	-300.7032165527344
385.3999938964844	-300.3439025878906
384.94561767578125	-299.9842834472656
384.5013427734375	-299.63287353515625
384.0450744628906	-299.272216796875
383.5954284667969	-298.91693115234375
383.1221618652344	-298.5430603027344
382.6409606933594	-298.1628723144531
382.1518859863281	-297.7762451171875
381.6637268066406	-297.3902587890625
381.1700744628906	-296.9998779296875
380.6795654296875	-296.612060546875
380.5450744628906	-296.223876953125
380.18865966796875	-296.223876953125
379.67755126953125	-295.8197021484375
379.19000244140625	-295.4342956542969
378.6927490234375	-295.0412292480469
378.1902160644531	-294.64385986328125
377.6963806152344	-294.25335693359375
377.2010803222656	-293.8616638183594
376.7073059082031	-293.47113037109375
376.2127380371094	-293.0799865722656
375.7176818847656	-292.68841552734375
375.22857666015625	-292.30157470703125
374.7428283691406	-291.91729736328125
374.2663879394531	-291.54034423828125
373.782958984375	-291.15777587890625
373.3006896972656	-290.7762451171875
372.8171691894531	-290.39404296875
372.333251953125	-290.01458740234375
371.8406677246094	-289.6329040527344
371.3563537597656	-289.2591552734375
370.8776550292969	-288.8896789550781
370.401611328125	-288.52178955078125
369.9263000488281	-288.15411376953125
369.4465026855469	-287.7826843261719
368.97900390625	-287.420654296875
368.84271240234375	-287.0431823730469
368.4916076660156	-287.0431823730469
368.0326232910156	-286.68780517578125
367.5484924316406	-286.3130798339844
367.0836486816406	-285.95330810546875
366.62432861328125	-285.59771728515625
366.62432861328125	-285.2289733886719
366.1477966308594	-285.2289733886719
366.0116882324219	-284.847900390625
365.65557861328125	-284.847900390625
365.1684265136719	-284.47076416015625
364.6703186035156	-284.0849914550781
364.17828369140625	-283.70391845703125
363.69873046875	-283.33258056640625
363.21142578125	-282.9552001953125
362.7203063964844	-282.5749206542969
362.2320251464844	-282.19677734375
361.7534484863281	-281.8262023925781
361.26763916015625	-281.4499816894531
361.1402893066406	-281.0687561035156
360.7752685546875	-281.0687561035156
360.28564453125	-280.689697265625
360.1361999511719	-280.2879638671875
359.7668151855469	-280.2879638671875
359.2696838378906	-279.90283203125
358.768798828125	-279.5148010253906
358.26214599609375	-279.122314453125
357.7554931640625	-278.7297668457031
357.2548828125	-278.3418884277344
356.7505187988281	-277.95111083984375
356.2590026855469	-277.5703430175781
355.7371826171875	-277.1664733886719
355.2360534667969	-276.782470703125
354.7357482910156	-276.40325927734375
354.2284240722656	-276.0195007324219
353.7306213378906	-275.6427917480469
353.2542419433594	-275.2818603515625
352.7889709472656	-274.92913818359375
352.3512878417969	-274.5971984863281
351.9028015136719	-274.2572937011719
351.4606018066406	-273.92529296875
351.00732421875	-273.5928955078125
350.5234375	-273.25018310546875
350.0724182128906	-272.9407653808594
349.63385009765625	-272.6441955566406
349.5104675292969	-272.34271240234375
349.1885070800781	-272.34271240234375
348.7499694824219	-272.04412841796875
348.308837890625	-271.7426452636719
347.87255859375	-271.4461364746094
347.425048828125	-271.14453125
346.9942626953125	-270.854736328125
346.5555114746094	-270.55999755859375
346.08990478515625	-270.2505187988281
345.6318054199219	-269.9533996582031
345.18157958984375	-269.6690673828125
344.721923828125	-269.38299560546875
344.26177978515625	-269.09912109375
343.8078308105469	-268.82391357421875
343.33905029296875	-268.54833984375
342.8483581542969	-268.26800537109375
342.4002685546875	-268.0149230957031
341.9658203125	-267.76904296875
341.5279235839844	-267.5191345214844
341.0880126953125	-267.2661437988281
340.6588134765625	-267.0189208984375
340.2169494628906	-266.764404296875
339.7792053222656	-266.5125427246094
339.3366394042969	-266.2582092285156
338.9068603515625	-266.0112609863281
338.46868896484375	-265.7582092285156
338.04327392578125	-265.510986328125
337.61737060546875	-265.2633361816406
337.1885070800781	-265.01385498046875
336.76544189453125	-264.7662353515625
336.3416442871094	-264.5137939453125
335.92138671875	-264.258544921875
335.4861755371094	-263.992919921875
335.08441162109375	-263.7468566894531
334.678466796875	-263.4938659667969
334.2721252441406	-263.2325439453125
333.8731384277344	-262.96746826171875
333.4686279296875	-262.69488525390625
333.0651550292969	-262.42303466796875
332.66302490234375	-262.153564453125
332.26025390625	-261.8849792480469
331.8619689941406	-261.6199645996094
331.4661560058594	-261.35675048828125
331.0510559082031	-261.0805358886719
330.6681823730469	-260.8253479003906
330.2887878417969	-260.57080078125
329.899169921875	-260.3043518066406
329.5119323730469	-260.0305480957031
329.142333984375	-259.760498046875
328.76025390625	-259.4778137207031
328.38311767578125	-259.1993103027344
328.005126953125	-258.9219665527344
327.6304626464844	-258.6474914550781
327.2583312988281	-258.3734130859375
326.8877868652344	-258.10028076171875
326.51422119140625	-257.8250427246094
326.15606689453125	-257.560791015625
325.78570556640625	-257.28564453125
325.4326171875	-257.01861572265625
325.0804443359375	-256.7466125488281
324.7192687988281	-256.4649963378906
324.3670654296875	-256.1911315917969
324.0074462890625	-255.91278076171875
323.63751220703125	-255.6273193359375
323.2695007324219	-255.34352111816406
322.90911865234375	-255.06578063964844
322.54888916015625	-254.78817749023438
322.1752014160156	-254.49989318847656
321.818603515625	-254.2250213623047
321.4571228027344	-253.94873046875
321.0833740234375	-253.6670684814453
320.7322692871094	-253.40304565429688
320.37896728515625	-253.13656616210938
320.012939453125	-252.8599395751953
319.6535949707031	-252.58790588378906
319.2651062011719	-252.2937469482422
318.8776550292969	-252.00045776367188
318.46221923828125	-251.68617248535156
318.04095458984375	-251.36746215820312
317.5975036621094	-251.0318145751953
317.1676330566406	-250.7052459716797
316.7396240234375	-250.37921142578125
316.3100891113281	-250.05197143554688
315.8816833496094	-249.72560119628906
315.458251953125	-249.40328979492188
315.02655029296875	-249.07472229003906
314.5996398925781	-248.75003051757812
314.4765625	-248.4031982421875
314.1437072753906	-248.4031982421875
314.1437072753906	-248.0662078857422
313.7006530761719	-248.0662078857422
313.2334289550781	-247.71072387695312
312.7544860839844	-247.34609985351562
312.2607421875	-246.9701690673828
311.7588195800781	-246.58804321289062
311.2597351074219	-246.2080078125
310.7686462402344	-245.8340301513672
310.2684631347656	-245.4532012939453
309.726318359375	-245.04083251953125
309.17816162109375	-244.62364196777344
309.17816162109375	-244.2219696044922
308.6504821777344	-244.2219696044922
308.1191101074219	-243.81771850585938
308.1191101074219	-243.4214324951172
307.5982666015625	-243.4214324951172
307.0625305175781	-243.013671875
306.4989318847656	-242.58517456054688
305.9324951171875	-242.15423583984375
305.37091064453125	-241.72683715820312
304.78839111328125	-241.28353881835938
304.78839111328125	-240.86582946777344
304.2396240234375	-240.86582946777344
303.6760559082031	-240.43678283691406
303.6760559082031	-240.0059051513672
303.11004638671875	-240.0059051513672
302.5487060546875	-239.5785675048828
301.979736328125	-239.1453094482422
301.41314697265625	-238.71383666992188
300.81817626953125	-238.26065063476562
300.2254943847656	-237.80926513671875
299.61846923828125	-237.3471221923828
299.0300598144531	-236.89913940429688
298.4390869140625	-236.44912719726562
297.84808349609375	-235.9990997314453
297.2663269042969	-235.55612182617188
296.6658020019531	-235.09878540039062
296.07501220703125	-234.64891052246094
295.4504089355469	-234.17332458496094
294.8733825683594	-233.73390197753906
294.27703857421875	-233.27981567382812
293.6910400390625	-232.8336181640625
293.1077575683594	-232.38949584960938
292.5101623535156	-231.9344940185547
291.9115295410156	-231.4785919189453
291.3233642578125	-231.03067016601562
290.73980712890625	-230.5863037109375
290.1427307128906	-230.1316680908203
289.55462646484375	-229.683837890625
289.55462646484375	-229.22332763671875
288.94989013671875	-229.22332763671875
288.3681945800781	-228.78036499023438
287.7853088378906	-228.33648681640625
287.2174377441406	-227.904052734375
286.6283874511719	-227.45518493652344
285.9971618652344	-226.97023010253906
285.9971618652344	-226.54290771484375
285.44549560546875	-226.54290771484375
284.8856506347656	-226.10867309570312
284.3327941894531	-225.67991638183594
283.76824951171875	-225.2424774169922
283.2205810546875	-224.8183135986328
282.6515197753906	-224.3778076171875
282.0380859375	-223.9029998779297
281.4644470214844	-223.45901489257812
280.906982421875	-223.02743530273438
280.7489318847656	-222.60043334960938
280.3555908203125	-222.60043334960938
279.8102722167969	-222.17819213867188
279.23345947265625	-221.73162841796875
278.6719665527344	-221.29689025878906
278.1162414550781	-220.86668395996094
277.56048583984375	-220.43658447265625
277.0102233886719	-220.0108642578125
276.47216796875	-219.5945281982422
276.322021484375	-219.17584228515625
275.9309387207031	-219.17584228515625
275.40972900390625	-218.7726593017578
274.9044494628906	-218.3819122314453
274.4459228515625	-218.02749633789062
274.0148010253906	-217.6943359375
273.5738220214844	-217.353515625
273.1502990722656	-217.02606201171875
272.72747802734375	-216.6991424560547
272.5981750488281	-216.36228942871094
272.2917785644531	-216.36228942871094
271.8644104003906	-216.03184509277344
271.4490661621094	-215.71067810058594
271.0389709472656	-215.39356994628906
270.6340637207031	-215.08053588867188
270.2232971191406	-214.76296997070312
269.8196716308594	-214.45086669921875
269.413818359375	-214.13705444335938
269.0401611328125	-213.8482666015625
268.6999206542969	-213.5855255126953
268.3978271484375	-213.35211181640625
268.1335754394531	-213.14830017089844
267.7026062011719	-212.81602478027344
267.28509521484375	-212.49327087402344
266.8788146972656	-212.1772003173828
266.46923828125	-211.8508758544922
266.0761413574219	-211.5358428955078
265.69158935546875	-211.2201385498047
265.4953918457031	-210.8975830078125
265.1202392578125	-210.74298095703125
264.8849182128906	-210.54808044433594
264.5701904296875	-210.27825927734375
264.2086486816406	-209.95799255371094
263.8548583984375	-209.64529418945312
263.5191650390625	-209.3345489501953
263.2089538574219	-209.0239715576172
262.927001953125	-208.71400451660156
262.6726989746094	-208.4005126953125
262.447021484375	-208.08580017089844
262.2243957519531	-207.7536163330078
262.00201416015625	-207.41358947753906
261.7982482910156	-207.07772827148438
261.6119689941406	-206.7491455078125
261.448974609375	-206.43345642089844
261.3085632324219	-206.1169891357422
261.1800537109375	-205.79168701171875
261.05157470703125	-205.4639129638672
260.9341735839844	-205.15335083007812
260.8164978027344	-204.80950927734375
260.6802062988281	-204.40415954589844
260.55426025390625	-204.01275634765625
260.44549560546875	-203.62460327148438
260.3439636230469	-203.2195281982422
260.2449951171875	-202.8313446044922
260.1554260253906	-202.45887756347656
260.0829772949219	-202.09329223632812
260.0314025878906	-201.74539184570312
260.0000915527344	-201.41616821289062
259.9822692871094	-201.07781982421875
259.9687194824219	-200.72816467285156
259.9566955566406	-200.3720245361328
259.9479064941406	-200.02000427246094
259.9478454589844	-199.68067932128906
259.9620361328125	-199.3550567626953
259.9922790527344	-199.01490783691406
260.0491027832031	-198.63327026367188
260.1355895996094	-198.2066650390625
260.208984375	-197.86941528320312
260.27764892578125	-197.56639099121094
260.3474426269531	-197.2673797607422
260.448486328125	-196.88531494140625
260.5814514160156	-196.45314025878906
260.6802978515625	-196.1365203857422
260.8029479980469	-195.78466796875
260.956298828125	-195.41673278808594
261.0690612792969	-195.12677001953125
261.2336120605469	-194.79734802246094
261.407470703125	-194.4628143310547
261.6002502441406	-194.1404266357422
261.7967224121094	-193.82391357421875
262.0052490234375	-193.5227508544922
262.2216796875	-193.2245635986328
262.4423828125	-192.9422149658203
262.676513671875	-192.65611267089844
262.9158020019531	-192.3671417236328
263.1962890625	-192.0332794189453
263.4622497558594	-191.71295166015625
263.79534912109375	-191.31394958496094
263.9906311035156	-191.08030700683594
264.1962890625	-190.83404541015625
264.4160461425781	-190.57086181640625
264.6436462402344	-190.29837036132812
264.9473571777344	-189.93460083007812
265.170166015625	-189.66769409179688
265.39093017578125	-189.40304565429688
265.60968017578125	-189.1409454345703
265.8327941894531	-188.87355041503906
266.0473327636719	-188.6165008544922
266.2665100097656	-188.35389709472656
266.4819641113281	-188.09573364257812
266.7164306640625	-187.81492614746094
266.97027587890625	-187.51075744628906
267.23541259765625	-187.19277954101562
267.5118713378906	-186.86111450195312
267.8010559082031	-186.51412963867188
268.0923767089844	-186.1647186279297
268.1758117675781	-185.8220672607422
268.6623229980469	-185.48110961914062
268.94793701171875	-185.13848876953125
269.2323303222656	-184.79742431640625
269.5144958496094	-184.45901489257812
269.7937927246094	-184.12408447265625
270.0754699707031	-183.78627014160156
270.3492431640625	-183.4578094482422
270.623046875	-183.1291961669922
270.8933410644531	-182.8048858642578
271.1605224609375	-182.4842987060547
271.4327087402344	-182.15774536132812
271.71484375	-181.8195037841797
272.00830078125	-181.4674530029297
272.3248291015625	-181.08737182617188
272.63934326171875	-180.7098388671875
272.96636962890625	-180.31723022460938
273.3065185546875	-179.90875244140625
273.63641357421875	-179.51260375976562
273.96331787109375	-179.11996459960938
274.298828125	-178.71717834472656
274.630615234375	-178.31900024414062
274.9748840332031	-177.90582275390625
275.3002624511719	-177.51522827148438
275.6425476074219	-177.10447692871094
275.97119140625	-176.71009826660156
276.0721740722656	-176.57615966797
276.63232421875	-175.9163818359375
276.97283935546875	-175.50762939453125
277.3237609863281	-175.08639526367188
277.6899719238281	-174.64666748046875
278.0635070800781	-174.19789123535156
278.4200744628906	-173.76950073242188
278.7835388183594	-173.33265686035156
279.13739013671875	-172.90733337402344
279.49249267578125	-172.48048400878906
279.83868408203125	-172.0642852783203
280.19268798828125	-171.63865661621094
280.5439453125	-171.21644592285156
280.8825988769531	-170.8092803955078
281.2273864746094	-170.39466857910156
281.56488037109375	-169.9908447265625
281.6640930175781	-169.7821075439453
281.90875244140625	-169.5556213378906
282.5849914550781	-168.7792510986328
282.919677734375	-168.3812713623047
283.2651672363281	-167.97023010253906
283.6066589355469	-167.56399536132812
283.9569091796875	-167.14736938476562
284.304443359375	-166.73416137695312
284.6556091308594	-166.3165283203125
285.0068359375	-165.8987274169922
285.35833740234375	-165.4806671142578
285.7042236328125	-165.06919860839844
286.0518493652344	-164.65574645996094
286.4006042480469	-164.24105834960938
286.7475891113281	-163.82847595214844
287.09454345703125	-163.4159393310547
287.1971435546875	-163.221514892578
287.7913513183594	-162.5876007080078
288.1524963378906	-162.15847778320312
288.5167236328125	-161.72549438476562
288.8998107910156	-161.27017211914062
289.293212890625	-160.802490234375
289.6979675292969	-160.3213348388672
290.1168518066406	-159.8229217529297
290.5384826660156	-159.3212127685547
290.96368408203125	-158.8152313232422
291.38507080078125	-158.3136444091797
291.80987548828125	-157.80784606933594
291.9432373046875	-157.5908154296875
292.6697998046875	-156.783935546875
293.09228515625	-156.28073120117188
293.55767822265625	-155.72642517089844
293.9710693359375	-155.234130859375
294.37994384765625	-154.7472381591797
294.8398132324219	-154.1993865966797
295.24884033203125	-153.71217346191406
295.6591491699219	-153.22340393066406
296.0673828125	-152.7372283935547
296.1849670410156	-152.55173950195312
296.8739013671875	-151.77671813964844
297.27532958984375	-151.2986602783203
297.6680603027344	-150.8308563232422
297.78369140625	-150.6568878173828
298.4688415527344	-149.8771514892578
298.8684387207031	-149.40126037597656
299.2612609863281	-148.93331909179688
299.3756408691406	-148.657763671875
300.0546569824219	-147.9882354736328
300.44549560546875	-147.5226593017578
300.8330993652344	-147.0609588623047
301.2264404296875	-146.59246826171875
301.6147155761719	-146.1302032470703
302.01177978515625	-145.65757751464844
302.3947448730469	-145.20164489746094
302.78125	-144.74151611328125
303.1698913574219	-144.2790069580078
303.5600891113281	-143.8148193359375
303.9412536621094	-143.3612518310547
304.32037353515625	-142.90997314453125
304.6951599121094	-142.46392822265625
305.07244873046875	-142.01483154296875
305.4671325683594	-141.5449981689453
305.86810302734375	-141.06771850585938
305.86810302734375	-140.57322692871094
306.2834777832031	-140.57322692871094
306.6966247558594	-140.0814208984375
307.1061706542969	-139.5938262939453
307.5173645019531	-139.10433959960938
307.9282531738281	-138.61517333984375
308.0445861816406	-138.1265106201172
308.737060546875	-137.65243530273438
309.140625	-137.17202758789062
309.5393371582031	-136.6974334716797
309.9496154785156	-136.20912170410156
310.3599548339844	-135.7209930419922
310.7670593261719	-135.23880004882812
311.1700439453125	-134.76300048828125
311.5835876464844	-134.27496337890625
311.9864196777344	-133.7994842529297
312.4031066894531	-133.30751037597656
312.8038330078125	-132.8341522216797
313.21038818359375	-132.3538360595703
313.6161804199219	-131.8744659423828
314.018310546875	-131.39947509765625
314.4258728027344	-130.9181365966797
314.8179016113281	-130.45513916015625
315.2157897949219	-129.98521423339844
315.6275634765625	-129.49893188476562
316.0191650390625	-129.03652954101562
316.4199523925781	-128.5632781982422
316.8348388671875	-128.07339477539062
317.233642578125	-127.60237884521484
317.6361999511719	-127.12699127197266
317.7535095214844	-126.84214324951172
318.4544677734375	-126.16071319580078
318.85931396484375	-125.68251037597656
319.2598876953125	-125.20929718017578
319.66680908203125	-124.72884368896484
320.06475830078125	-124.25907135009766
320.4712829589844	-123.77901458740234
320.8575439453125	-123.32300567626953
321.251953125	-122.85730743408203
321.6393127441406	-122.40019226074219
322.0373229980469	-121.9304428100586
322.4286804199219	-121.46846008300781
322.81719970703125	-121.0098648071289
323.2080383300781	-120.5484619140625
323.5995788574219	-120.08617401123047
323.99267578125	-119.62220764160156
324.3804016113281	-119.16445922851562
324.7682189941406	-118.70667266845703
325.1525573730469	-118.25296020507812
325.52587890625	-117.81231689453125
325.9162292480469	-117.35152435302734
326.3087463378906	-116.88821411132812
326.71307373046875	-116.41089630126953
327.1274108886719	-115.92185974121094
327.5557556152344	-115.41626739501953
327.9935607910156	-114.89958953857422
328.4536437988281	-114.35657501220703
328.90020751953125	-113.82962799072266
329.3481140136719	-113.30103302001953
329.7949523925781	-112.77372741699219
330.2342529296875	-112.2552490234375
330.6795959472656	-111.72975158691406
331.1214599609375	-111.20832824707031
331.5675354003906	-110.68196868896484
331.68841552734375	-110.17719268798828
331.9952697753906	-110.17719268798828
332.43548583984375	-109.65772247314453
332.86767578125	-109.1476058959961
333.3053894042969	-108.63096618652344
333.7438659667969	-108.11349487304688
334.1694641113281	-107.61119842529297
334.59771728515625	-107.10584259033203
335.0356140136719	-106.58900451660156
335.4629211425781	-106.08477020263672
335.8904724121094	-105.58029174804688
336.3119812011719	-105.08297729492188
336.745849609375	-104.57111358642578
337.1814880371094	-104.0571060180664
337.6019592285156	-103.56108093261719
338.0163269042969	-103.07219696044922
338.4313659667969	-102.58238983154297
338.8585510253906	-102.07825469970703
339.2624816894531	-101.60150909423828
339.38494873046875	-101.11376953125
340.0940246582031	-100.62010955810547
340.2160339355469	-100.13054656982422
340.9224853515625	-99.64274597167969
341.3415222167969	-99.14862823486328
341.7522888183594	-98.66413879394531
342.1600646972656	-98.18315887451172
342.5618896484375	-97.70903778076172
342.96478271484375	-97.22926330566406
343.3580017089844	-96.75328063964844
343.7582092285156	-96.26447296142578
344.14849853515625	-95.78740692138672
344.5415344238281	-95.30773162841797
344.925537109375	-94.83992004394531
345.32537841796875	-94.35340881347656
345.7141418457031	-93.88013458251953
346.1029052734375	-93.4066390991211
346.49578857421875	-92.9281005859375
346.87738037109375	-92.46339416503906
346.87738037109375	-91.99600219726562
347.2610168457031	-91.99600219726562
347.6519470214844	-91.51905059814453
348.0342712402344	-91.05257415771484
348.4343566894531	-90.56465148925781
348.8228454589844	-90.0911865234375
349.2208557128906	-89.60581970214844
349.6134338378906	-89.1272964477539
350.0090026855469	-88.64505004882812
350.408203125	-88.15790557861328
350.8227233886719	-87.65155792236328
350.8227233886719	-87.094482421875
351.2786865234375	-87.094482421875
351.71295166015625	-86.56670379638672
352.1357116699219	-86.05326843261719
352.5635070800781	-85.53363037109375
352.98809814453125	-85.0176773071289
353.4382629394531	-84.47270965576172
353.85498046875	-83.969482421875
354.2925109863281	-83.43907165527344
354.7109680175781	-82.92987060546875
355.13031005859375	-82.42045593261719
355.550048828125	-81.9108657836914
355.98309326171875	-81.38396453857422
356.3937072753906	-80.8840103149414
356.8072509765625	-80.38153076171875
357.2184143066406	-79.88224792480469
357.63323974609375	-79.378662109375
358.0403137207031	-78.8843765258789
358.4507751464844	-78.3858642578125
358.8564758300781	-77.8930892944336
359.2655334472656	-77.39605712890625
359.6725158691406	-76.90158081054688
359.7917175292969	-76.4000473022461
360.4836120605469	-75.91616821289062
360.88482666015625	-75.42881774902344
361.285888671875	-74.94163513183594
361.6820373535156	-74.46043395996094
362.0791931152344	-73.9779052734375
362.4773254394531	-73.49431610107422
362.4773254394531	-73.0159683227539
362.8712158203125	-73.0159683227539
363.27349853515625	-72.52740478515625
363.6627197265625	-72.05459594726562
364.0544128417969	-71.578857421875
364.4430236816406	-71.1068344116211
364.8398132324219	-70.62492370605469
365.2366638183594	-70.1429443359375
365.6200866699219	-69.67727661132812
365.6200866699219	-69.2107925415039
366.0041809082031	-69.2107925415039
366.3863525390625	-68.74662780761719
366.764404296875	-68.28795623779297
367.1505432128906	-67.81945037841797
367.52508544921875	-67.36479949951172
367.9073486328125	-66.90126037597656
368.29095458984375	-66.43733215332031
368.6727600097656	-65.97708892822266
369.050537109375	-65.52090454101562
369.43017578125	-65.0609130859375
369.7966003417969	-64.61585998535156
370.1612548828125	-64.17394256591797
370.52435302734375	-63.734859466552734
370.8905944824219	-63.29200744628906
371.24542236328125	-62.86146926879883
371.6028137207031	-62.4256591796875
371.9597473144531	-61.9904899597168
372.31591796875	-61.55691146850586
372.669921875	-61.126529693603516
373.02532958984375	-60.69465255737305
373.3817443847656	-60.26191329956055
373.73309326171875	-59.83536911010742
374.0824890136719	-59.41118240356445
374.4317932128906	-58.98707580566406
374.7773742675781	-58.56737518310547
375.12347412109375	-58.147010803222656
375.47271728515625	-57.72288513183594
375.82061767578125	-57.30032730102539
376.17254638671875	-56.87299728393555
376.52276611328125	-56.44776153564453
376.86395263671875	-56.03355026245117
377.214599609375	-55.6078987121582
377.5602722167969	-55.188228607177734
377.9091491699219	-54.76487731933594
378.25518798828125	-54.34490203857422
378.59521484375	-53.93212890625
378.93011474609375	-53.525634765625
379.2686462402344	-53.11487579345703
379.60333251953125	-52.70874786376953
379.94415283203125	-52.295047760009766
380.2879333496094	-51.877906799316406
380.62652587890625	-51.467105865478516
380.9622802734375	-51.05967712402344
381.3033142089844	-50.645938873291016
381.64208984375	-50.23488998413086
381.98333740234375	-49.82088851928711
382.32318115234375	-49.40868377685547
382.6595764160156	-49.000545501708984
382.98541259765625	-48.60529327392578
383.3164978027344	-48.20370864868164
383.64569091796875	-47.804351806640625
383.9726257324219	-47.407745361328125
384.30279541015625	-47.00725555419922
384.6307067871094	-46.609291076660156
384.9560546875	-46.210670471191406
385.279296875	-45.80549240112305
385.6034240722656	-45.385040283203125
385.9130859375	-44.969146728515625
386.2149658203125	-44.55513000488281
386.5082092285156	-44.151763916015625
386.8067626953125	-43.742652893066406
387.1099853515625	-43.32574462890625
387.4012145996094	-42.91743087768555
387.682861328125	-42.50685119628906
387.9610900878906	-42.07954025268555
388.2170104980469	-41.664039611816406
388.46820068359375	-41.24174880981445
388.7144470214844	-40.82201385498047
388.95135498046875	-40.41602325439453
389.1852722167969	-40.01304626464844
389.4164123535156	-39.617210388183594
389.6485900878906	-39.2216796875
389.6485900878906	-38.82844543457031
390.119873046875	-38.43040466308594
390.3516845703125	-38.042057037353516
390.3516845703125	-37.6497917175293
390.5846252441406	-37.25734329223633
391.04705810546875	-36.866485595703125
391.2760009765625	-36.47942352294922
391.50634765625	-36.095542907714844
391.7447204589844	-35.70668411254883
391.98394775390625	-35.31967544555664
392.2183837890625	-34.94258499145508
392.4560852050781	-34.56576156616211
392.7027587890625	-34.18146896362305
392.9441223144531	-33.806541442871094
393.1927490234375	-33.41912078857422
393.4327697753906	-33.04566192626953
393.6687927246094	-32.68313217163086
393.9096374511719	-32.322593688964844
394.1521301269531	-31.96971321105957
394.4003601074219	-31.613422393798828
394.4003601074219	-31.254526138305664
394.6513671875	-30.900699615478516
395.16510009765625	-30.53717613220215
395.4303283691406	-30.173076629638672
395.69647216796875	-29.80633544921875
395.956298828125	-29.44666290283203
396.22076416015625	-29.080801010131836
396.47271728515625	-28.687001037597656
396.9915771484375	-28.039691925048828
397.2470703125	-27.696680068969727
397.526611328125	-27.32196617126465
397.7790832519531	-26.98794174194336
398.0358581542969	-26.656402587890625
398.3002014160156	-26.324466705322266
398.56842041015625	-25.9918155670166
398.8334655761719	-25.66205406188965
399.0977783203125	-25.331148147583008
399.363037109375	-24.998510360717773
399.6257019042969	-24.671350479125977
399.8849792480469	-24.348981857299805
400.1464538574219	-24.024139404296875
400.4095153808594	-23.7003116607666
400.6654357910156	-23.39186668395996
400.9284362792969	-23.0831356048584
401.19281005859375	-22.778127670288086
401.45404052734375	-22.173601150512695
401.71441650390625	-21.866411209106445
402.2326965332031	-21.56650161743164
402.4912414550781	-21.263269424438477
402.7469787597656	-20.964195251464844
403.0024108886719	-20.66968536376953
403.2613525390625	-20.377099990844727
403.523193359375	-20.08342170715332
403.77703857421875	-19.797231674194336
404.03729248046875	-19.502553939819336
404.2928466796875	-19.21244239807129
404.544921875	-18.925891876220703
404.7958068847656	-18.640520095825195
405.0464782714844	-18.355648040771484
405.3060607910156	-18.060876846313477
405.5677795410156	-17.764026641845703
405.8270263671875	-17.469926834106445
406.0886535644531	-17.173171997070312
406.34832763671875	-16.878536224365234
406.6095886230469	-16.582120895385742
406.86907958984375	-16.28766441345215
407.1291198730469	-15.992698669433594
407.4023742675781	-15.682601928710938
407.684326171875	-15.362693786621094
407.9617004394531	-15.04797077178955
408.2366027832031	-14.736101150512695
408.5144958496094	-14.420866012573242
408.78948974609375	-14.108870506286621
409.0594482421875	-13.802665710449219
409.3306579589844	-13.494885444641113
409.59857177734375	-13.190807342529297
409.8661193847656	-12.887127876281738
410.1361389160156	-12.580825805664062
410.4066162109375	-12.27391242980957
410.6741638183594	-11.970199584960938
410.9436950683594	-11.36190128326416
411.4634094238281	-11.064237594604492
411.71966552734375	-10.769596099853516
411.9799499511719	-10.470734596252441
412.2378845214844	-10.174798011779785
412.4957580566406	-9.879154205322266
412.7503356933594	-9.587151527404785
413.0020751953125	-9.298384666442871
413.25653076171875	-9.006378173828125
413.5077209472656	-8.718076705932617
413.75933837890625	-8.429255485534668
414.0073547363281	-8.144569396972656
414.25531005859375	-7.859928607940674
414.5048828125	-7.573433876037598
414.74810791015625	-7.293933391571045
414.98712158203125	-7.019318103790283
415.2291259765625	-6.741196632385254
415.4685974121094	-6.465298652648926
415.7045593261719	-6.190425872802734
415.93792724609375	-5.914734840393066
416.1703186035156	-5.639803886413574
416.4050598144531	-5.363802909851074
416.63665771484375	-5.091964244842529
416.8669128417969	-4.822165489196777
417.0951232910156	-4.555272579193115
417.32196044921875	-4.290210723876953
417.5508728027344	-4.022552967071533
417.7774353027344	-3.7569284439086914
418.00164794921875	-3.4933900833129883
418.2224426269531	-3.2341468334198
418.44500732421875	-2.9729530811309814
418.66943359375	-2.7098846435546875
418.89068603515625	-2.4506566524505615
419.1071472167969	-2.197321653366089
419.3205871582031	-1.9474411010742188
419.54656982421875	-1.6827315092086792
419.75750732421875	-1.435820460319519
419.969482421875	-1.1876343488693237
420.1781311035156	-0.9432665109634399
420.3832092285156	-0.703038215637207
420.5890808105469	-0.4617984890937805
420.7947998046875	-0.2206902951002121
420.99853515625	0.01780238188803196
421.2003173828125	0.25396373867988586
421.4007263183594	0.48853155970573425
421.6088562011719	0.7318084239959717
421.8107604980469	0.9681214094161987
422.0118408203125	1.2035231590270996
422.2060852050781	1.4979958534240723
422.59124755859375	1.8744105100631714
422.9824523925781	2.307588577270508
423.3696594238281	2.7392842769622803
423.7435302734375	3.158298969268799
424.109619140625	3.552765130996704
424.4754333496094	3.9200384616851807
424.8487243652344	4.265335559844971
425.21856689453125	4.575420379638672
425.58203125	4.84523344039917
425.81591796875	5.084074974060059
426.14599609375	5.198802947998047
426.5423583984375	5.422467231750488
426.930908203125	5.632329940795898
427.303955078125	5.81380033493042
427.6715393066406	5.963514804840088
428.02398681640625	6.079989910125732
428.3687744140625	6.169716835021973
428.7303161621094	6.24401330947876
429.09600830078125	6.31025505065918
429.4893493652344	6.374520301818848
429.8758850097656	6.433348655700684
430.2621154785156	6.491634845733643
430.6365966796875	6.546571254730225
430.9951477050781	6.588896751403809
431.3412780761719	6.617245197296143
431.6759338378906	6.63146448135376
431.9866943359375	6.630276679992676
432.3193359375	6.609584331512451
432.6835021972656	6.558549404144287
433.10107421875	6.47847843170166
433.4326171875	6.408187389373779
433.7269287109375	6.341371536254883
434.0194396972656	6.271699905395508
434.39776611328125	6.16849422454834
434.8226013183594	6.037036895751953
435.1429748535156	5.938484191894531
435.5008239746094	5.814553737640381
435.89801025390625	5.6580586433410645
436.1995849609375	5.536717414855957
436.45947265625	5.379748344421387
436.8215637207031	5.254064559936523
437.21343994140625	5.068445682525635
437.4939270019531	4.922635078430176
437.8336181640625	4.728410720825195
438.09466552734375	4.578839302062988
438.3611145019531	4.429291725158691
438.6304626464844	4.278413772583008
439.0218200683594	4.044973850250244
439.29376220703125	3.875793933868408
439.5622863769531	3.7132253646850586
439.83868408203125	3.5478570461273193
440.12115478515625	3.377089738845825
440.4817810058594	3.158123731613159
440.93450927734375	2.8831169605255127
441.20025634765625	2.7217750549316406
441.4906921386719	2.5451953411102295
441.80621337890625	2.35343337059021
442.12603759765625	2.158830165863037
442.4584655761719	1.9559651613235474
442.7793273925781	1.75951087474823
443.10247802734375	1.5617977380752563
443.4241027832031	1.365268349647522
443.7473449707031	1.167946457862854
444.06585693359375	0.9737159013748169
444.3842468261719	0.7794665098190308
444.6975402832031	0.5875479578971863
445.00927734375	0.3935440480709076
445.30316162109375	0.20552130043506622
445.61114501953125	0.002605762332677841
445.92578125	-0.20830629765987396
446.2251281738281	-0.40823763608932495
446.5294189453125	-0.6089238524436951
446.83233642578125	-0.8073666095733643
447.1341857910156	-1.004875659942627
447.439453125	-1.204762578010559
447.73443603515625	-1.3981894254684448
448.0379638671875	-1.5968996286392212
448.3447570800781	-1.7960933446884155
448.6405334472656	-1.9870644807815552
448.9357604980469	-2.178736925125122
449.2251281738281	-2.3670966625213623
449.5105895996094	-2.552849769592285
449.7964782714844	-2.738891124725342
450.0792236328125	-2.9228551387786865
450.37677001953125	-3.116285562515259
450.66058349609375	-3.2999610900878906
450.95458984375	-3.4874045848846436
451.23651123046875	-3.662700653076172
451.5287780761719	-3.8412563800811768
451.8160095214844	-4.01766300201416
452.0980529785156	-4.193199157714844
452.3793029785156	-4.369208812713623
452.668701171875	-4.550299167633057
452.9646301269531	-4.735363006591797
453.2920837402344	-4.939789772033691
453.6307678222656	-5.150947093963623
453.984375	-5.371288776397705
454.3570861816406	-5.603542804718018
454.7552795410156	-5.851651668548584
455.1604309082031	-6.104193210601807
455.58331298828125	-6.367858409881592
456.0068664550781	-6.631947040557861
456.4177551269531	-6.8882036209106445
456.8437805175781	-7.153704643249512
457.27630615234375	-7.421154499053955
457.697265625	-7.6756181716918945
458.123779296875	-7.927097797393799
458.5460510253906	-8.174172401428223
458.96783447265625	-8.422032356262207
459.4085693359375	-8.682225227355957
459.8099670410156	-8.919934272766113
460.2184143066406	-9.162062644958496
460.63592529296875	-9.409558296203613
461.0583801269531	-9.659967422485352
461.4850158691406	-9.913763046264648
461.8857421875	-10.154152870178223
462.30084228515625	-10.40339183807373
462.7078857421875	-10.647448539733887
463.1072082519531	-10.886569023132324
463.5249938964844	-11.136690139770508
463.9291687011719	-11.378645896911621
464.3280944824219	-11.617437362670898
464.7263488769531	-11.855854988098145
465.1267395019531	-12.095579147338867
465.52593994140625	-12.33460521697998
465.9212646484375	-12.571309089660645
466.3282165527344	-12.814934730529785
466.75689697265625	-13.07162094116211
467.1994934082031	-13.336681365966797
467.6626281738281	-13.614105224609375
468.13946533203125	-13.900096893310547
468.60723876953125	-14.183016777038574
469.08233642578125	-14.472589492797852
469.5465087890625	-14.755680084228516
469.9999084472656	-15.031957626342773
470.4643249511719	-15.314617156982422
470.92266845703125	-15.593432426452637
471.3741149902344	-15.867898941040039
471.8459167480469	-16.154722213745117
472.299072265625	-16.430280685424805
472.7660827636719	-16.714292526245117
473.2200927734375	-16.990488052368164
473.703125	-17.284313201904297
474.1773376464844	-17.572771072387695
474.6812744140625	-17.879377365112305
474.6812744140625	-18.199687957763672
475.2076416015625	-18.199687957763672
475.7424011230469	-18.525127410888672
476.2468566894531	-18.832109451293945
476.76483154296875	-19.147361755371094
477.28350830078125	-19.463056564331055
477.8077392578125	-19.782100677490234
478.32720947265625	-20.098243713378906
478.8340759277344	-20.406755447387695
479.3413391113281	-20.71551513671875
479.843994140625	-21.02145004272461
480.3503112792969	-21.329608917236328
480.8650207519531	-21.643152236938477
481.3616638183594	-21.948347091674805
481.8720703125	-22.26464080810547
482.366455078125	-22.571285247802734
482.8793029785156	-22.88913917541504
483.36566162109375	-23.190242767333984
483.87664794921875	-23.506284713745117
484.35223388671875	-23.800222396850586
484.84637451171875	-24.10567855834961
485.32275390625	-24.400190353393555
485.8241882324219	-24.71012306213379
486.3002624511719	-25.004465103149414
486.7656555175781	-25.292278289794922
487.2494812011719	-25.591506958007812
487.7434997558594	-25.896923065185547
488.2433166503906	-26.205951690673828
488.71954345703125	-26.50045394897461
489.2002868652344	-26.79774284362793
489.6846923828125	-27.097309112548828
490.15020751953125	-27.385156631469727
490.614501953125	-27.67220687866211
491.0976867675781	-27.970966339111328
491.6015930175781	-28.28252410888672
492.10528564453125	-28.593992233276367
492.61431884765625	-28.908714294433594
493.1181945800781	-29.220277786254883
493.62567138671875	-29.534013748168945
494.1375427246094	-29.850465774536133
494.6563720703125	-30.171186447143555
495.2071838378906	-30.511682510375977
495.7112731933594	-30.823230743408203
496.2079162597656	-31.130107879638672
496.68994140625	-31.427995681762695
497.1809997558594	-31.7314453125
497.660888671875	-32.02789306640625
498.1454772949219	-32.32719421386719
498.6455078125	-32.6361083984375
499.14752197265625	-32.94620895385742
499.6240234375	-33.24046325683594
500.1069030761719	-33.538692474365234
500.5861511230469	-33.83474349975586
501.0693664550781	-34.13322830200195
501.552734375	-34.43156433105469
502.0242614746094	-34.71994400024414
502.49090576171875	-35.00210189819336
502.9516296386719	-35.28005599975586
503.4141845703125	-35.55938720703125
503.88397216796875	-35.84356689453125
504.348388671875	-36.125099182128906
504.80120849609375	-36.399879455566406
505.2579650878906	-36.67706298828125
505.7054748535156	-36.948482513427734
506.1577453613281	-37.22263717651367
506.6221618652344	-37.504329681396484
507.0769958496094	-37.78043746948242
507.53338623046875	-38.05736541748047
507.9891357421875	-38.33376693725586
508.4552001953125	-38.6163215637207
508.9006652832031	-38.886356353759766
509.3659362792969	-39.16834259033203
509.80511474609375	-39.43458557128906
510.27484130859375	-39.71941375732422
510.7386169433594	-40.00059509277344
511.1919250488281	-40.27546691894531
511.63995361328125	-40.54710006713867
512.0952758789062	-40.823158264160156
512.5406494140625	-41.093238830566406
512.9537963867188	-41.304229736328125
513.3319091796875	-41.50092697143555
513.6790161132812	-41.70817947387695
514.0217895507812	-41.91753005981445
514.3692626953125	-42.13574981689453
514.7007446289062	-42.3448600769043
515.037841796875	-42.5559196472168
515.3938598632812	-42.77635955810547
515.7225952148438	-42.97785949707031
516.0535888671875	-43.17962646484375
516.3895263671875	-43.38405990600586
516.7269287109375	-43.58958053588867
517.058349609375	-43.79203796386719
517.3927612304688	-43.99663543701172
517.7210083007812	-44.19788360595703
518.05810546875	-44.40456008911133
518.4114379882812	-44.62114334106445
518.7703857421875	-44.84111404418945
519.114501953125	-45.05188751220703
519.4556274414062	-45.26073455810547
519.80224609375	-45.472991943359375
520.1455688476562	-45.68318557739258
520.5088500976562	-45.90563201904297
520.88720703125	-46.13734436035156
521.2745361328125	-46.37492752075195
521.677001953125	-46.62188720703125
522.0720825195312	-46.86416244506836
522.5157470703125	-47.13614273071289
522.917724609375	-47.382266998291016
523.341064453125	-47.641273498535156
523.8095703125	-47.928653717041016
524.2396240234375	-48.192596435546875
524.6756591796875	-48.46022415161133
525.1087646484375	-48.72570037841797
525.5650634765625	-49.0050163269043
525.9930419921875	-49.26696014404297
526.4415893554688	-49.541690826416016
526.8705444335938	-49.80441665649414
527.31640625	-50.077476501464844
527.7578735351562	-50.34760665893555
528.2218627929688	-50.63154602050781
528.6987915039062	-50.923553466796875
528.6987915039062	-51.23394012451172
529.2056274414062	-51.23394012451172
529.6996459960938	-51.53639221191406
530.181884765625	-51.831634521484375
530.7251586914062	-52.1643180847168
531.1968994140625	-52.45320510864258
531.6767578125	-52.74685287475586
532.1627197265625	-53.044288635253906
532.637939453125	-53.33534240722656
533.1181030273438	-53.62947463989258
533.6121215820312	-53.9320182800293
533.6121215820312	-54.235076904296875
534.1067504882812	-54.235076904296875
534.62060546875	-54.54994583129883
535.1504516601562	-54.874717712402344
535.672119140625	-55.19437789916992
536.2295532226562	-55.535892486572266
536.79052734375	-55.879638671875
537.3619384765625	-56.229732513427734
537.92041015625	-56.57188034057617
538.4708862304688	-56.90914535522461
539.0147705078125	-57.24227523803711
539.558837890625	-57.57552719116211
540.1485595703125	-57.936641693115234
540.7122192382812	-58.28179931640625
541.2514038085938	-58.61195373535156
541.8156127929688	-58.95732498168945
542.3634033203125	-59.29268264770508
542.3634033203125	-59.63628387451172
542.924560546875	-59.63628387451172
543.4993286132812	-59.98799133300781
543.4993286132812	-60.342689514160156
544.0786743164062	-60.342689514160156
544.6821899414062	-60.71232223510742
545.2601928710938	-61.066246032714844
545.8507690429688	-61.42790603637695
546.4403686523438	-61.78908157348633
547.0313720703125	-62.151058197021484
547.6150512695312	-62.50857925415039
548.2025146484375	-62.86842346191406
548.780029296875	-63.2221794128418
549.3779907226562	-63.58844757080078
549.9837036132812	-63.95954132080078
550.6161499023438	-64.34693908691406
551.2440795898438	-64.7315902709961
551.8877563476562	-65.12596893310547
552.5195922851562	-65.5130615234375
553.1607666015625	-65.90589904785156
553.8720092773438	-66.34159851074219
554.4904174804688	-66.72052001953125
555.1124267578125	-67.1015625
555.7593383789062	-67.49787902832031
556.4120483398438	-67.89776611328125
557.0703125	-68.30105590820312
557.7325439453125	-68.70682525634766
558.3906860351562	-69.110107421875
559.045166015625	-69.5111312866211
559.6918334960938	-69.90734100341797
560.3341674804688	-70.30094909667969
560.9834594726562	-70.6988525390625
561.6513671875	-71.10813903808594
562.2965698242188	-71.50357055664062
562.93603515625	-71.8953628540039
563.5812377929688	-72.29072570800781
564.2215576171875	-72.68318176269531
564.8712158203125	-73.08133697509766
565.5191040039062	-73.47843170166016
566.149169921875	-73.8645248413086
566.7893676757812	-74.25687408447266
567.414306640625	-74.63980865478516
568.0466918945312	-75.02734375
568.699951171875	-75.42765045166016
568.699951171875	-75.81444549560547
569.3311767578125	-75.81444549560547
569.3311767578125	-76.19945526123047
569.9594116210938	-76.19945526123047
569.9594116210938	-76.59896850585938
570.6112060546875	-76.59896850585938
571.228271484375	-76.97716522216797
571.8541870117188	-77.36083984375
572.4901733398438	-77.750732421875
573.1103515625	-78.13092803955078
573.7473754882812	-78.5215072631836
574.4111938476562	-78.92869567871094
575.0922241210938	-79.34632873535156
575.768798828125	-79.76127624511719
576.4417724609375	-80.17411804199219
576.4417724609375	-80.57859802246094
577.1014404296875	-80.57859802246094
577.7723388671875	-80.99007415771484
578.4282836914062	-81.3923110961914
579.0919799804688	-81.79927825927734
579.74755859375	-82.20126342773438
580.4194946289062	-82.61334991455078
581.0809326171875	-83.01893615722656
581.7496337890625	-83.42900085449219
582.4136352539062	-83.8362808227539
583.0654907226562	-84.23614501953125
583.7178344726562	-84.6362075805664
583.7178344726562	-85.04800415039062
584.38916015625	-85.04800415039062
584.38916015625	-85.44530487060547
585.0369873046875	-85.44530487060547
585.6778564453125	-85.83838653564453
586.337158203125	-86.24283599853516
586.9871215820312	-86.64161682128906
587.6478881835938	-87.04700469970703
587.6478881835938	-87.51506805419922
588.4107666015625	-87.51506805419922
589.1004638671875	-87.93802642822266
589.8278198242188	-88.3843994140625
590.5191040039062	-88.8087387084961
591.2122802734375	-89.23409271240234
591.9152221679688	-89.66535949707031
592.619140625	-90.09741973876953
593.3209838867188	-90.5280990600586
593.3209838867188	-90.9643783569336
594.031982421875	-90.9643783569336
594.7132568359375	-91.38253784179688
595.3995361328125	-91.80363464355469
596.0897216796875	-92.22705078125
596.7765502929688	-92.64852142333984
597.460205078125	-93.0678482055664
598.132568359375	-93.48036193847656
598.8180541992188	-93.90096282958984
599.5330200195312	-94.33972930908203
599.5330200195312	-94.78551483154297
600.2594604492188	-94.78551483154297
600.9942626953125	-95.23650360107422
601.8211059570312	-95.7439193725586
601.8211059570312	-96.20211029052734
602.5677490234375	-96.20211029052734
603.3076171875	-96.65618896484375
604.0452880859375	-97.10887145996094
604.7785034179688	-97.55887603759766
605.4944458007812	-97.9981918334961
606.2327270507812	-98.45128631591797
606.957763671875	-98.89619445800781
607.685791015625	-99.34304809570312
608.434814453125	-99.80287170410156
609.169677734375	-100.25391387939453
609.9400634765625	-100.72676086425781
610.6675415039062	-101.17345428466797
611.4169921875	-101.63333129882812
612.1923217773438	-102.10909271240234
612.9410400390625	-102.56861114501953
613.6913452148438	-103.02912139892578
614.4434204101562	-103.49058532714844
615.1888427734375	-103.9480209350586
615.971435546875	-104.42838287353516
616.7418212890625	-104.90167999267578
617.5015258789062	-105.35470581054688
618.2330322265625	-105.77891540527344
618.9368286132812	-106.18744659423828
619.6630249023438	-106.61056518554688
619.6630249023438	-107.0260009765625
620.3744506835938	-107.0260009765625
621.1223754882812	-107.46260833740234
621.1223754882812	-107.90129089355469
621.87548828125	-107.90129089355469
622.6466674804688	-108.34986877441406
623.4022216796875	-108.78922271728516
624.1731567382812	-109.23745727539062
624.1731567382812	-109.67732238769531
624.9298095703125	-109.67732238769531
625.6844482421875	-110.11610412597656
626.4561157226562	-110.56490325927734
627.214599609375	-111.00611877441406
627.9647216796875	-111.44310760498047
628.7116088867188	-111.88227081298828
628.7116088867188	-112.32453155517578
629.45654296875	-112.32453155517578
630.2116088867188	-112.77376556396484
630.9725341796875	-113.22660827636719
631.7257690429688	-113.6745376586914
632.4794311523438	-114.12248229980469
633.2247924804688	-114.56523895263672
633.2247924804688	-114.99649047851562
633.9500122070312	-114.99649047851562
634.1602783203125	-115.43514251708984
634.68017578125	-115.43514251708984
635.4010009765625	-115.8796157836914
636.13818359375	-116.34612274169922
636.13818359375	-116.81130981445312
636.8673706054688	-116.81130981445312
637.5941772460938	-117.2750015258789
638.3150634765625	-117.73399353027344
639.0300903320312	-118.18846130371094
639.7344970703125	-118.63552856445312
640.4652709960938	-119.0990219116211
641.1824340820312	-119.55416107177734
641.91259765625	-120.01764678955078
642.6543579101562	-120.48876190185547
642.8480224609375	-120.94746398925781
643.37646484375	-120.94746398925781
644.0887451171875	-121.40007019042969
644.814453125	-121.8612060546875
645.5579833984375	-122.33274841308594
646.293212890625	-122.79341888427734
647.015380859375	-123.24126434326172
647.7389526367188	-123.68915557861328
648.447509765625	-124.12777709960938
649.1674194335938	-124.57376861572266
649.8843994140625	-125.01834106445312
650.5863647460938	-125.45378875732422
651.3153076171875	-125.90605926513672
652.0469970703125	-126.35995483398438
652.7821044921875	-126.81594848632812
653.5086669921875	-127.26656341552734
654.2467041015625	-127.7242431640625
654.469970703125	-128.17958068847656
654.98095703125	-128.17958068847656
655.6988525390625	-128.6248779296875
656.4362182617188	-129.08233642578125
657.1636962890625	-129.53353881835938
657.889404296875	-129.9834442138672
658.6283569335938	-130.4414825439453
659.3395385742188	-130.88235473632812
660.0479125976562	-131.3212432861328
660.7796020507812	-131.77462768554688
661.478271484375	-132.207763671875
662.2041015625	-132.6578826904297
662.913330078125	-133.097900390625
663.130615234375	-133.54185485839844
663.6288452148438	-133.54185485839844
664.321533203125	-133.97154235839844
665.0221557617188	-134.40623474121094
665.743408203125	-134.8537139892578
666.437744140625	-135.2843475341797
667.1250610351562	-135.7105255126953
667.8048095703125	-136.13194274902344
668.4813232421875	-136.55142211914062
669.2252807617188	-137.01271057128906
669.9000854492188	-137.43112182617188
670.5985717773438	-137.86416625976562
671.2813720703125	-138.28756713867188
671.975341796875	-138.71788024902344
671.975341796875	-139.13668823242188
672.6508178710938	-139.13668823242188
672.845947265625	-139.54254150390625
673.3175048828125	-139.54254150390625
673.9827270507812	-139.93603515625
674.6561279296875	-140.3349609375
675.3306884765625	-140.73651123046875
675.97216796875	-141.11917114257812
676.5238037109375	-141.44818115234375
677.0408935546875	-141.75634765625
677.511962890625	-142.03660583496094
677.954833984375	-142.29905700683594
678.3712768554688	-142.5453643798828
678.732177734375	-142.7588348388672
679.054931640625	-142.95040893554688
679.3282470703125	-143.113525390625
679.6204223632812	-143.2872772216797
679.9059448242188	-143.45697021484375
