778.6135864257812	-521.9866943359375
778.431640625	-522.2032470703125
778.18896484375	-522.4939575195312
777.988037109375	-522.7344970703125
777.7796630859375	-522.9840698242188
777.5779418945312	-523.2269897460938
777.3758544921875	-523.4711303710938
777.1781005859375	-523.7102661132812
777.0753173828125	-523.9459838867188
776.879150390625	-524.0691528320312
776.5687255859375	-524.436279296875
776.3738403320312	-524.6675415039062
776.1778564453125	-524.9008178710938
775.9486694335938	-525.1746826171875
775.8130493164062	-525.3370361328125
775.550048828125	-525.6510620117188
775.29443359375	-525.9557495117188
775.037841796875	-526.2626342773438
774.7828369140625	-526.5689086914062
774.5262451171875	-526.8768920898438
774.3985595703125	-527.2146606445312
774.0922241210938	-527.3953247070312
773.9147338867188	-527.607177734375
773.742431640625	-527.8126220703125
773.5443115234375	-528.0487670898438
773.3587036132812	-528.27001953125
773.153076171875	-528.5158081054688
772.9605102539062	-528.7464599609375
772.7568359375	-528.9905395507812
772.571533203125	-529.2124633789062
772.369384765625	-529.4544677734375
772.1968994140625	-529.6607055664062
771.9962158203125	-529.9006958007812
771.817138671875	-530.1146850585938
771.6181030273438	-530.3523559570312
771.4218139648438	-530.5867919921875
771.2246704101562	-530.8223876953125
771.2246704101562	-531.0504150390625
770.8384399414062	-531.283935546875
770.8384399414062	-531.5166625976562
770.4498901367188	-531.748291015625
770.2568359375	-531.9789428710938
770.064697265625	-532.2085571289062
769.8910522460938	-532.416259765625
769.7006225585938	-532.6438598632812
769.5303344726562	-532.8472900390625
769.341552734375	-533.072998046875
769.341552734375	-533.280517578125
768.9771728515625	-533.5082397460938
768.7864379882812	-533.7360229492188
768.5772705078125	-533.9857788085938
768.3673095703125	-534.2365112304688
768.1521606445312	-534.49365234375
767.9512939453125	-534.733642578125
767.7378540039062	-534.9887084960938
767.5465698242188	-535.2174072265625
767.3330078125	-535.4727172851562
767.1270141601562	-535.7188720703125
766.8982543945312	-535.9920654296875
766.6714477539062	-536.263427734375
766.4435424804688	-536.5361328125
766.2460327148438	-536.7723388671875
766.019775390625	-537.0429077148438
765.801025390625	-537.304443359375
765.5762329101562	-537.572998046875
765.5762329101562	-537.8202514648438
765.3694458007812	-537.8202514648438
765.14599609375	-538.0872192382812
764.938720703125	-538.3352661132812
764.7171020507812	-538.6007080078125
764.5104370117188	-538.8480224609375
764.5104370117188	-539.12060546875
764.2825927734375	-539.12060546875
764.0546875	-539.39306640625
763.8148803710938	-539.6798706054688
763.606201171875	-539.9292602539062
763.367431640625	-540.214599609375
763.1348266601562	-540.49267578125
762.8980102539062	-540.7758178710938
762.68505859375	-541.0303955078125
762.4500122070312	-541.311279296875
762.2297973632812	-541.57470703125
761.9970092773438	-541.8532104492188
761.9970092773438	-542.1076049804688
761.7841796875	-542.1076049804688
761.5533447265625	-542.3837280273438
761.3460693359375	-542.6316528320312
761.1170043945312	-542.905517578125
760.91552734375	-543.1464233398438
760.6883544921875	-543.4181518554688
760.48193359375	-543.6650390625
760.25439453125	-543.9370727539062
760.0320434570312	-544.2030639648438
759.7919921875	-544.4900512695312
759.7919921875	-544.7485961914062
759.5758666992188	-544.7485961914062
759.3369140625	-545.03466796875
759.1190795898438	-545.2949829101562
758.8819580078125	-545.5787353515625
758.6724853515625	-545.8291625976562
758.4374389648438	-546.1102905273438
758.2273559570312	-546.361572265625
757.9944458007812	-546.6402587890625
757.7872924804688	-546.8878784179688
757.556640625	-547.163818359375
757.3493041992188	-547.4119262695312
757.1207885742188	-547.6853637695312
756.9035034179688	-547.9451293945312
756.6771240234375	-548.2158813476562
756.4755249023438	-548.4569091796875
756.4755249023438	-548.725341796875
756.2515258789062	-548.725341796875
756.0567016601562	-548.958984375
755.834716796875	-549.224853515625
755.4175415039062	-549.7238159179688
754.9883422851562	-550.2371826171875
754.9883422851562	-550.7500610351562
754.560302734375	-550.7500610351562
754.3695068359375	-550.9789428710938
753.9786376953125	-551.4471435546875
753.767333984375	-551.6998901367188
753.5833740234375	-551.920166015625
753.5833740234375	-552.1707763671875
753.3743286132812	-552.1707763671875
753.1663818359375	-552.42041015625
752.9594116210938	-552.6690063476562
752.7764282226562	-552.8885498046875
752.57080078125	-553.1346435546875
752.3916625976562	-553.348876953125
752.1856689453125	-553.5952758789062
751.9879150390625	-553.8321533203125
751.7684936523438	-554.0952758789062
751.5695190429688	-554.3341674804688
751.350830078125	-554.59619140625
751.147705078125	-554.8396606445312
750.9307861328125	-555.0996704101562
750.72802734375	-555.342529296875
750.502197265625	-555.6129760742188
750.2871704101562	-555.8703002929688
750.0477905273438	-556.1571044921875
749.83740234375	-556.4092407226562
749.5986328125	-556.6953125
749.38818359375	-556.9473876953125
749.1513061523438	-557.2313232421875
748.9154663085938	-557.513916015625
748.6807250976562	-557.795166015625
748.4575805664062	-558.062744140625
748.222900390625	-558.3441772460938
748.0176391601562	-558.5901489257812
747.7704467773438	-558.8864135742188
747.5464477539062	-559.1550903320312
747.2996826171875	-559.451171875
747.0536499023438	-559.746337890625
746.8082275390625	-560.040771484375
746.8082275390625	-560.2966918945312
746.5947875976562	-560.2966918945312
746.3507690429688	-560.5895385742188
746.1328125	-560.8508911132812
746.1328125	-561.1415405273438
745.8905639648438	-561.1415405273438
745.6497192382812	-561.4306030273438
745.201171875	-561.9681396484375
744.9627075195312	-562.253662109375
744.7493286132812	-562.5090942382812
744.502685546875	-562.8046264648438
744.502685546875	-563.08056640625
744.2722778320312	-563.08056640625
744.0130004882812	-563.39111328125
744.0130004882812	-563.6766967773438
743.7745361328125	-563.6766967773438
743.7745361328125	-563.9947509765625
743.509033203125	-563.9947509765625
743.2666625976562	-564.28466796875
742.9999389648438	-564.6039428710938
742.7456665039062	-564.9088745117188
742.7456665039062	-565.2487182617188
742.4622802734375	-565.2487182617188
742.193115234375	-565.5709838867188
741.8938598632812	-565.9291381835938
741.6143798828125	-566.2637329101562
741.299072265625	-566.6415405273438
741.0073852539062	-566.9912719726562
740.6865234375	-567.3758544921875
740.6865234375	-567.7180786132812
740.4010620117188	-567.7180786132812
740.08203125	-568.1004638671875
740.08203125	-568.4437255859375
739.79541015625	-568.4437255859375
739.4785766601562	-568.8235473632812
739.1903076171875	-569.1692504882812
738.876708984375	-569.5452880859375
738.5643920898438	-569.9198608398438
738.2529296875	-570.293212890625
737.9693603515625	-570.6332397460938
737.66015625	-571.0039672851562
737.3846435546875	-571.334228515625
737.0783081054688	-571.7015991210938
737.0783081054688	-572.0675048828125
736.7733154296875	-572.0675048828125
736.2015380859375	-572.7531127929688
735.8988647460938	-573.1158447265625
735.6327514648438	-573.434814453125
735.3311157226562	-573.7964477539062
735.0712280273438	-574.1077270507812
734.763427734375	-574.476318359375
734.4490356445312	-574.852783203125
734.1280517578125	-575.237548828125
733.8258666992188	-575.5994873046875
733.4926147460938	-575.9990844726562
733.1995849609375	-576.3504028320312
732.8672485351562	-576.7489013671875
732.8672485351562	-577.1151733398438
732.561767578125	-577.1151733398438
732.2308349609375	-577.5118408203125
731.912109375	-577.8939819335938
731.5827026367188	-578.2888793945312
731.2955932617188	-578.6331176757812
730.9674072265625	-579.0264892578125
730.6484375	-579.4087524414062
730.32177734375	-579.8004760742188
730.0199584960938	-580.162109375
729.7157592773438	-580.5269165039062
729.4642333984375	-580.8284301757812
729.1978759765625	-581.1480102539062
728.988525390625	-581.399169921875
728.7600708007812	-581.6734008789062
728.5631713867188	-581.9097290039062
728.3765869140625	-582.1339721679688
728.2237548828125	-582.3175659179688
728.08056640625	-582.4898071289062
727.870361328125	-582.7427978515625
727.7152709960938	-582.9300537109375
727.56787109375	-583.1007690429688
727.4056396484375	-583.2702026367188
727.303955078125	-583.4837036132812
727.0579223632812	-583.5950317382812
726.7451171875	-583.8508911132812
726.562744140625	-583.98583984375
726.380859375	-584.1111450195312
726.186279296875	-584.2344970703125
725.99365234375	-584.3466186523438
725.8023681640625	-584.4485473632812
725.4379272460938	-584.619384765625
725.096435546875	-584.7516479492188
724.5802612304688	-584.9036865234375
724.262451171875	-584.9694213867188
723.96728515625	-585.0123291015625
723.6475830078125	-585.0425415039062
723.2681274414062	-585.0581665039062
722.8262329101562	-585.04541015625
722.3538818359375	-584.9983520507812
722.0880126953125	-584.956787109375
721.8226928710938	-584.904296875
721.2940063476562	-584.7666625976562
720.779052734375	-584.5890502929688
720.3215942382812	-584.395263671875
720.0919799804688	-584.2857666015625
719.888671875	-584.1827392578125
719.6719970703125	-584.0672607421875
719.4695434570312	-583.9552001953125
719.2632446289062	-583.8370361328125
719.0645751953125	-583.7201538085938
718.62158203125	-583.450927734375
718.1510009765625	-583.155517578125
718.1510009765625	-582.8197021484375
717.6242065429688	-582.8197021484375
717.0594482421875	-582.4617919921875
716.4451904296875	-582.07421875
715.7913208007812	-581.66015625
715.1315307617188	-581.2303466796875
714.4910888671875	-580.7898559570312
714.1691284179688	-580.563232421875
713.8645629882812	-580.3494262695312
713.2525024414062	-579.9249877929688
713.2525024414062	-579.4842529296875
712.6217041015625	-579.4842529296875
712.0086669921875	-579.0474243164062
711.6824951171875	-578.81494140625
711.3668823242188	-578.590576171875
710.6885375976562	-578.1089477539062
710.3181762695312	-577.8462524414062
709.9583740234375	-577.589599609375
709.1687622070312	-577.0070190429688
708.3544921875	-576.3720092773438
707.5189208984375	-575.7015991210938
706.64892578125	-575.0054321289062
705.7649536132812	-574.302001953125
704.8413696289062	-573.56689453125
704.3451538085938	-573.171630859375
703.8853149414062	-572.8050537109375
703.3697509765625	-572.3934326171875
703.3697509765625	-571.9861450195312
702.8600463867188	-571.9861450195312
701.8405151367188	-571.1724243164062
701.3165893554688	-570.754150390625
700.8118896484375	-570.3513793945312
700.2710571289062	-569.9199829101562
699.7384033203125	-569.4949340820312
699.7384033203125	-569.0480346679688
699.1781005859375	-569.0480346679688
698.6160278320312	-568.5997924804688
698.0350952148438	-568.1365356445312
697.457275390625	-567.67578125
696.85595703125	-567.1962890625
696.2757568359375	-566.7337646484375
695.6543579101562	-566.2384033203125
695.0230102539062	-565.7351684570312
693.7562255859375	-564.7255859375
692.4773559570312	-563.705810546875
691.1475830078125	-562.6454467773438
689.7892456054688	-561.56201171875
688.3565063476562	-560.4193115234375
687.6314086914062	-559.8409423828125
686.968994140625	-559.3125610351562
685.6055908203125	-558.2250366210938
684.1732788085938	-557.0816650390625
682.76611328125	-555.9727783203125
682.0437622070312	-555.4121704101562
681.3828125	-554.9002685546875
680.6617431640625	-554.342041015625
679.9839477539062	-553.8170776367188
678.6063842773438	-552.7488403320312
677.1734008789062	-551.63671875
675.7725830078125	-550.5410766601562
674.4155883789062	-549.4727783203125
673.7083129882812	-548.9160766601562
673.0092163085938	-548.3642578125
672.3070678710938	-547.808837890625
671.6411743164062	-547.2821044921875
670.9415893554688	-546.728759765625
670.2571411132812	-546.1875610351562
668.90625	-545.1200561523438
668.188720703125	-544.5531616210938
667.5044555664062	-544.0125122070312
666.10009765625	-542.902099609375
664.69189453125	-541.7880859375
663.9600830078125	-541.2091674804688
663.22314453125	-540.6261596679688
661.81201171875	-539.5101318359375
661.0760498046875	-538.92822265625
660.3760375976562	-538.3746948242188
659.6366577148438	-537.7901611328125
658.9282836914062	-537.22998046875
657.4520874023438	-536.0625
655.9607543945312	-534.8831787109375
654.4806518554688	-533.7135009765625
653.717041015625	-533.1099853515625
652.9833374023438	-532.5303955078125
652.221923828125	-531.9288330078125
651.52099609375	-531.375
650.7617797851562	-530.7748413085938
650.1025390625	-530.2535400390625
649.3458251953125	-529.6548461914062
648.684814453125	-529.1318359375
647.9305419921875	-528.5348510742188
647.2553100585938	-528.0003662109375
646.5034790039062	-527.4053955078125
645.8436279296875	-526.88330078125
645.084228515625	-526.282470703125
644.3190307617188	-525.6770629882812
643.55322265625	-525.071044921875
642.8224487304688	-524.4928588867188
642.0595703125	-523.8890991210938
641.3772583007812	-523.3489990234375
640.6168823242188	-522.7471923828125
639.872314453125	-522.1578369140625
639.118896484375	-521.5609130859375
639.118896484375	-521.0028076171875
638.4091186523438	-521.0028076171875
637.6504516601562	-520.4136962890625
636.8989868164062	-519.8345947265625
636.13818359375	-519.24951171875
635.4656982421875	-518.7325439453125
634.7068481445312	-518.1488037109375
634.7068481445312	-517.64697265625
634.0551147460938	-517.64697265625
633.2992553710938	-517.0643920898438
632.61669921875	-516.537841796875
631.8637084960938	-515.956787109375
631.1520385742188	-515.40771484375
630.401611328125	-514.8286743164062
629.650146484375	-514.2493286132812
628.2299194335938	-513.1458129882812
627.4887084960938	-512.566162109375
626.7738647460938	-512.006591796875
626.0352783203125	-511.428466796875
625.3595581054688	-510.8996276855469
624.623046875	-510.3235168457031
623.9542236328125	-509.800537109375
623.2196655273438	-509.2263488769531
623.2196655273438	-508.6684875488281
622.5057983398438	-508.6684875488281
621.1221923828125	-507.5870361328125
619.7247924804688	-506.4944763183594
619.7247924804688	-505.3462829589844
618.2571411132812	-505.3462829589844
616.8390502929688	-504.23651123046875
616.0973510742188	-503.6561584472656
615.4158325195312	-503.1227722167969
614.676513671875	-502.54425048828125
613.982177734375	-502.0008544921875
613.2439575195312	-501.4231262207031
612.4990234375	-500.8403625488281
611.091796875	-499.73968505859375
610.3485107421875	-499.158447265625
609.6447143554688	-498.608154296875
608.9034423828125	-498.0285949707031
608.2233276367188	-497.4968566894531
607.4840698242188	-496.9189453125
606.7459716796875	-496.34173583984375
605.2846069335938	-495.1988830566406
605.2846069335938	-494.07598876953125
603.8487548828125	-494.07598876953125
603.1161499023438	-493.5030212402344
602.41259765625	-492.95269775390625
600.9876098632812	-491.83782958984375
599.6173706054688	-490.7653503417969
598.3680419921875	-489.786865234375
597.1640625	-488.84332275390625
595.9833374023438	-487.9185485839844
594.8178100585938	-487.0062255859375
593.6367797851562	-486.0818786621094
592.4644165039062	-485.16424560546875
591.8775634765625	-484.7049255371094
591.3263549804688	-484.2735900878906
590.1580200195312	-483.3592224121094
590.1580200195312	-482.43975830078125
588.9827880859375	-482.43975830078125
587.8345947265625	-481.5413818359375
586.69921875	-480.6524658203125
585.5521850585938	-479.7630615234375
584.4359130859375	-478.9435119628906
583.252197265625	-478.1169738769531
582.648681640625	-477.6978759765625
582.648681640625	-476.8675842285156
581.45849609375	-476.8675842285156
581.45849609375	-476.51007080078125
580.9378662109375	-476.51007080078125
579.8384399414062	-475.7791442871094
579.2385864257812	-475.38787841796875
578.6901245117188	-475.0357666015625
578.6901245117188	-474.6619873046875
578.091552734375	-474.6619873046875
577.54833984375	-474.3341979980469
576.9325561523438	-473.97320556640625
576.3463745117188	-473.63397216796875
575.730224609375	-473.2767639160156
575.730224609375	-472.96014404296875
575.1840209960938	-472.96014404296875
574.5733642578125	-472.6106262207031
573.989013671875	-472.2831726074219
573.368896484375	-471.9393615722656
572.84130859375	-471.6471252441406
572.222900390625	-471.3044738769531
571.6235961914062	-470.9720458984375
571.0079345703125	-470.6298522949219
570.4478149414062	-470.3179016113281
569.8324584960938	-469.97540283203125
569.23291015625	-469.64044189453125
569.23291015625	-469.2901916503906
568.6148071289062	-469.2901916503906
568.0733032226562	-468.97564697265625
567.4632568359375	-468.6074523925781
566.9039916992188	-468.2541198730469
566.3200073242188	-467.86993408203125
565.7802124023438	-467.5059814453125
565.2088623046875	-467.1187744140625
564.6557006835938	-466.74298095703125
564.6557006835938	-466.35772705078125
564.0890502929688	-466.35772705078125
563.5639038085938	-466.0018310546875
562.9986572265625	-465.6199951171875
562.4928588867188	-465.2791748046875
561.928955078125	-464.8994445800781
561.3643798828125	-464.51959228515625
560.2306518554688	-463.7497253417969
559.1286010742188	-462.9631652832031
558.0437622070312	-462.12310791015625
556.98193359375	-461.264892578125
556.98193359375	-460.3835144042969
555.8871459960938	-460.3835144042969
554.7367553710938	-459.4644470214844
553.523193359375	-458.4972229003906
552.2722778320312	-457.49957275390625
551.0154418945312	-456.495849609375
550.3545532226562	-455.96771240234375
549.7208251953125	-455.46136474609375
549.0403442382812	-454.91766357421875
548.3497924804688	-454.36590576171875
546.9872436523438	-453.27734375
545.646728515625	-452.2065124511719
544.9398803710938	-451.6418151855469
544.2416381835938	-451.0841064453125
543.537109375	-450.5211486816406
542.84130859375	-449.9644775390625
542.1419067382812	-449.4096984863281
541.4771118164062	-448.8889465332031
540.1201171875	-447.8336486816406
539.4154052734375	-447.285888671875
538.7651977539062	-446.78057861328125
538.0625	-446.2337646484375
537.4039306640625	-445.72100830078125
536.7037353515625	-445.17535400390625
536.7037353515625	-444.6772155761719
536.0648193359375	-444.6772155761719
535.3665771484375	-444.13287353515625
534.7539672851562	-443.6553955078125
533.3839721679688	-442.5880432128906
532.0418701171875	-441.54266357421875
530.7049560546875	-440.50115966796875
530.7049560546875	-439.3991394042969
529.2911376953125	-439.3991394042969
527.8694458007812	-438.2909851074219
527.1194458007812	-437.7064514160156
527.1194458007812	-437.1650695800781
526.424560546875	-437.1650695800781
525.6539306640625	-436.5647277832031
525.6539306640625	-435.9562683105469
524.8726806640625	-435.9562683105469
524.0812377929688	-435.33978271484375
524.0812377929688	-434.74420166015625
523.316650390625	-434.74420166015625
522.5054321289062	-434.1124267578125
521.7334594726562	-433.5111389160156
520.9031982421875	-432.8644104003906
520.0767211914062	-432.2205505371094
518.4067993164062	-430.9195556640625
517.5388793945312	-430.2433166503906
516.6610717773438	-429.5592956542969
515.7733154296875	-428.8676452636719
514.9398803710938	-428.2182922363281
514.045654296875	-427.5215148925781
513.2520141601562	-426.90301513671875
512.3602294921875	-426.2081604003906
511.59661865234375	-425.6131286621094
510.70733642578125	-424.920166015625
509.856689453125	-424.25732421875
508.97003173828125	-423.5664367675781
508.21185302734375	-422.9757080078125
507.32757568359375	-422.28692626953125
506.462158203125	-421.61285400390625
505.5802001953125	-420.9259948730469
504.7211608886719	-420.2569580078125
503.8418884277344	-419.5720520019531
503.0360412597656	-418.9443359375
502.1591796875	-418.26129150390625
501.3210754394531	-417.6085510253906
500.4466552734375	-416.92755126953125
500.4466552734375	-416.2615051269531
499.59136962890625	-416.2615051269531
498.7193298339844	-415.5824890136719
497.8535461425781	-414.9081726074219
496.2852478027344	-413.6867980957031
494.7313537597656	-412.476806640625
493.3371887207031	-411.391357421875
492.01434326171875	-410.36151123046875
490.81585693359375	-409.42852783203125
490.2200012207031	-408.9644775390625
489.69598388671875	-408.55633544921875
489.14898681640625	-408.13031005859375
488.6575622558594	-407.7475280761719
488.1581726074219	-407.3588562011719
487.68817138671875	-406.9928283691406
487.68817138671875	-406.6097717285156
487.1966247558594	-406.6097717285156
487.1966247558594	-406.2594909667969
486.7471618652344	-406.2594909667969
486.2574462890625	-405.8779602050781
485.81182861328125	-405.53070068359375
485.3241882324219	-405.150634765625
484.8376159667969	-404.77142333984375
483.91009521484375	-404.0486755371094
483.4209899902344	-403.66357421875
482.95404052734375	-403.28826904296875
482.4718017578125	-402.8882141113281
482.0540771484375	-402.5271301269531
481.594482421875	-402.1122131347656
481.1579895019531	-401.7023010253906
480.72332763671875	-401.2838439941406
480.31622314453125	-400.88916015625
479.4681396484375	-400.0732421875
478.6184997558594	-399.26470947265625
477.7900390625	-398.4786071777344
477.3636779785156	-398.0736389160156
476.9594421386719	-397.6895751953125
476.1190185546875	-396.8899230957031
475.262939453125	-396.0744934082031
474.8028259277344	-395.6370544433594
474.36236572265625	-395.218505859375
473.9033203125	-394.7818603515625
473.47021484375	-394.3699035644531
473.47021484375	-393.9350891113281
473.0129089355469	-393.9350891113281
472.5776062011719	-393.52105712890625
471.6922912597656	-392.67889404296875
470.7864074707031	-391.8170166015625
469.92315673828125	-390.9956359863281
469.92315673828125	-390.56787109375
469.47357177734375	-390.56787109375
469.0498046875	-390.1646728515625
469.0498046875	-389.34625244140625
468.18963623046875	-389.34625244140625
467.2998046875	-388.499755859375
466.4435729980469	-387.6849365234375
466.0026550292969	-387.265380859375
465.57855224609375	-386.8611755371094
465.57855224609375	-386.0652770996094
464.7317810058594	-386.0652770996094
463.8782958984375	-385.2933044433594
463.0218200683594	-384.5254821777344
462.1482849121094	-383.7391357421875
461.28912353515625	-382.9842224121094
460.4239196777344	-382.2456359863281
459.9771423339844	-381.86474609375
459.54583740234375	-381.4957275390625
458.6869812011719	-380.76751708984375
458.6869812011719	-380.3929748535156
458.24200439453125	-380.3929748535156
457.8263244628906	-380.0430603027344
457.8263244628906	-379.3155822753906
456.9629821777344	-379.3155822753906
456.115478515625	-378.6007080078125
455.6767578125	-378.23046875
455.2691345214844	-377.88616943359375
454.4588623046875	-377.20684814453125
453.63458251953125	-376.5458068847656
453.1898498535156	-376.20245361328125
452.7543029785156	-375.86865234375
451.9195556640625	-375.2258605957031
451.4773864746094	-374.8831787109375
451.0830993652344	-374.5768737792969
450.6444091796875	-374.2353820800781
450.2300109863281	-373.9125061035156
449.79364013671875	-373.5723571777344
449.378173828125	-373.2486877441406
448.5558166503906	-372.6094055175781
448.1134033203125	-372.265380859375
447.6878356933594	-371.93475341796875
446.7927551269531	-371.2393798828125
445.83160400390625	-370.4925231933594
444.860595703125	-369.7375793457031
444.33892822265625	-369.33197021484375
443.84521484375	-368.94805908203125
442.75457763671875	-368.0997009277344
441.6786804199219	-367.2628479003906
440.5956115722656	-366.42047119140625
439.99664306640625	-365.9545593261719
439.4273376464844	-365.5117492675781
438.8089904785156	-365.03082275390625
438.23040771484375	-364.58074951171875
437.5929260253906	-364.0848693847656
436.97906494140625	-363.6072998046875
436.3224792480469	-363.0965576171875
435.7130432128906	-362.62249755859375
434.4051208496094	-361.6049499511719
433.0957946777344	-360.5864562988281
432.3851623535156	-360.0335693359375
431.7263488769531	-359.52093505859375
430.3311462402344	-358.4350280761719
429.5836486816406	-357.8531799316406
428.8855895996094	-357.3097229003906
428.1189270019531	-356.71295166015625
427.3991394042969	-356.1525573730469
427.3991394042969	-355.5404357910156
426.6128234863281	-355.5404357910156
425.8446350097656	-354.94244384765625
425.8446350097656	-354.3152770996094
425.0389709472656	-354.3152770996094
424.2960510253906	-353.7369384765625
423.4718322753906	-353.0953369140625
422.6529541015625	-352.4579162597656
421.0281982421875	-351.19317626953125
419.3743896484375	-349.90582275390625
417.67291259765625	-348.58123779296875
416.772216796875	-347.8799743652344
415.95562744140625	-347.2440490722656
415.0361328125	-346.5280456542969
414.10687255859375	-345.80438232421875
413.1679992675781	-345.0733337402344
412.21942138671875	-344.3348083496094
410.4149169921875	-342.9295654296875
410.4149169921875	-342.1695556640625
409.43896484375	-342.1695556640625
408.48797607421875	-341.4281005859375
408.48797607421875	-339.93212890625
406.5692443847656	-339.93212890625
404.6317138671875	-338.4205627441406
403.6432800292969	-337.6494140625
402.7322082519531	-336.9388427734375
401.7456970214844	-336.1697998046875
400.8442077636719	-335.4671936035156
400.8442077636719	-334.7032165527344
399.8641357421875	-334.7032165527344
398.9613952636719	-334.0054016113281
397.9739685058594	-333.2486267089844
397.0035400390625	-332.5079650878906
396.0158386230469	-331.7549133300781
395.0797424316406	-331.0417785644531
394.0947265625	-330.29083251953125
393.1767272949219	-329.5904846191406
392.19482421875	-328.84100341796875
391.2896423339844	-328.14990234375
390.3104553222656	-327.4022521972656
389.39788818359375	-326.7053527832031
388.4212951660156	-325.95953369140625
387.5694274902344	-325.30908203125
386.5952453613281	-324.5652160644531
385.7034912109375	-323.8843688964844
384.7317810058594	-323.1424560546875
384.7317810058594	-322.4968566894531
383.8863220214844	-322.4968566894531
383.8863220214844	-321.7568664550781
382.9171447753906	-321.7568664550781
381.9791564941406	-321.041015625
381.012451171875	-320.2980041503906
380.0933837890625	-319.58673095703125
379.1354675292969	-318.8429870605469
378.2929382324219	-318.18804931640625
377.33807373046875	-317.445556640625
376.4801330566406	-316.7785339355469
375.52764892578125	-316.0382385253906
374.6588134765625	-315.36322021484375
373.71417236328125	-314.62896728515625
372.8013000488281	-313.925537109375
371.8578186035156	-313.2156677246094
370.9320068359375	-312.5423889160156
369.96038818359375	-311.85296630859375
369.0568542480469	-311.2187194824219
369.0568542480469	-310.53631591796875
368.08172607421875	-310.53631591796875
367.2015686035156	-309.92034912109375
367.2015686035156	-309.239013671875
366.22967529296875	-309.239013671875
365.33184814453125	-308.608154296875
365.33184814453125	-307.92547607421875
364.362060546875	-307.92547607421875
363.4162292480469	-307.2563171386719
362.45086669921875	-306.561767578125
361.6072692871094	-305.9422912597656
360.6630859375	-305.24127197265625
359.8279724121094	-304.61883544921875
358.88818359375	-303.91790771484375
357.17999267578125	-302.64569091796875
355.3881530761719	-301.3152160644531
354.5570983886719	-300.6987609863281
352.9192810058594	-299.48358154296875
352.08782958984375	-298.86590576171875
351.36871337890625	-298.3314208984375
351.36871337890625	-297.7519226074219
350.5895690917969	-297.7519226074219
349.9032287597656	-297.2411193847656
349.17047119140625	-296.6957702636719
348.5189208984375	-296.2107849121094
347.8310852050781	-295.6986389160156
347.2507629394531	-295.26666259765625
346.57696533203125	-294.765625
345.9837951660156	-294.3247985839844
345.31170654296875	-293.8255615234375
344.7054748535156	-293.3753662109375
344.0351257324219	-292.8775634765625
343.4527282714844	-292.4450988769531
342.78472900390625	-291.9491271972656
342.1365966796875	-291.4678649902344
341.4710693359375	-290.9737548828125
340.8499755859375	-290.5126037597656
340.1871643066406	-290.0202941894531
339.6052551269531	-289.58807373046875
338.9447326660156	-289.09747314453125
338.9447326660156	-288.68243408203125
338.38604736328125	-288.68243408203125
337.727783203125	-288.1934509277344
337.1148681640625	-287.738037109375
336.4587707519531	-287.25048828125
336.4587707519531	-286.8035888671875
335.857421875	-286.8035888671875
335.2034606933594	-286.3175354003906
333.97894287109375	-285.407470703125
332.74896240234375	-284.4935302734375
332.1842346191406	-284.073974609375
332.1842346191406	-283.1709289550781
330.9693908691406	-283.1709289550781
330.3311462402344	-282.6983947753906
329.7969055175781	-282.3092346191406
329.1500244140625	-281.84942626953125
328.5726013183594	-281.44720458984375
327.9155578613281	-280.9936218261719
327.3486633300781	-280.6029357910156
326.6929931640625	-280.150634765625
326.05072021484375	-279.7066345214844
325.39788818359375	-279.2544250488281
324.8600158691406	-278.8812255859375
324.20947265625	-278.42938232421875
324.20947265625	-277.9781188964844
323.5600280761719	-277.9781188964844
322.9154357910156	-277.52947998046875
322.3262634277344	-277.12213134765625
321.67840576171875	-276.67987060546875
321.1355895996094	-276.3119201660156
320.4862060546875	-275.87261962890625
319.28717041015625	-275.0611572265625
318.19537353515625	-274.3209228515625
318.19537353515625	-273.9851379394531
317.7007751464844	-273.9851379394531
317.15167236328125	-273.612060546875
316.69879150390625	-273.3041687011719
316.69879150390625	-272.9646301269531
316.1998291015625	-272.9646301269531
315.7959899902344	-272.68963623046875
315.3472595214844	-272.3838195800781
314.9839172363281	-272.13616943359375
314.5846252441406	-271.86370849609375
314.2430725097656	-271.6308898925781
313.8545227050781	-271.3670959472656
313.5370178222656	-271.1520690917969
313.1494140625	-270.8898620605469
312.7907409667969	-270.6473083496094
312.4065246582031	-270.3871765136719
312.07568359375	-270.1634521484375
311.6954650878906	-269.90924072265625
311.3464660644531	-269.6797790527344
310.9606628417969	-269.42852783203125
310.2393493652344	-268.9584045410156
309.4755859375	-268.45819091796875
308.78912353515625	-268.00738525390625
308.78912353515625	-267.8013610839844
308.4761657714844	-267.8013610839844
308.09906005859375	-267.5519714355469
307.7393493652344	-267.3137512207031
307.3644714355469	-267.065673828125
307.0179443359375	-266.8368225097656
306.6412353515625	-266.5879821777344
306.33099365234375	-266.3814392089844
305.955078125	-266.1267395019531
305.5858459472656	-265.8696594238281
305.5858459472656	-265.6123046875
305.2242736816406	-265.6123046875
305.2242736816406	-265.3750915527344
304.8926086425781	-265.3750915527344
304.5311279296875	-265.11688232421875
304.2207946777344	-264.89398193359375
303.864990234375	-264.6354675292969
303.5339660644531	-264.3935241699219
303.18255615234375	-264.136962890625
302.8668212890625	-263.9071044921875
302.5040588378906	-263.6437683105469
301.7972106933594	-263.1310119628906
301.0640869140625	-262.5986328125
300.6922912597656	-262.3283996582031
300.2867736816406	-262.0314025878906
299.8951110839844	-261.7410583496094
299.49798583984375	-261.445068359375
299.1416931152344	-261.17950439453125
298.7473449707031	-260.88592529296875
298.4132080078125	-260.6375732421875
298.0199279785156	-260.3459777832031
297.66693115234375	-260.0838928222656
297.2768249511719	-259.7938232421875
296.9043273925781	-259.5167236328125
296.5167541503906	-259.2284851074219
296.1889953613281	-258.9849548339844
296.1889953613281	-258.6968078613281
295.8017578125	-258.6968078613281
295.4741516113281	-258.4513854980469
295.0921325683594	-258.1641845703125
295.0921325683594	-257.918212890625
294.7650451660156	-257.918212890625
294.3834533691406	-257.6312561035156
294.0168762207031	-257.3558044433594
294.0168762207031	-257.0546569824219
293.6158752441406	-257.0546569824219
293.2243347167969	-256.7606506347656
292.8016357421875	-256.443603515625
292.8016357421875	-255.80653381347656
291.9579772949219	-255.80653381347656
291.1409912109375	-255.17453002929688
290.7676696777344	-254.88400268554688
289.93072509765625	-254.23387145996094
289.50140380859375	-253.9011993408203
289.11114501953125	-253.59915161132812
289.11114501953125	-253.26821899414062
288.6831970214844	-253.26821899414062
288.29254150390625	-252.96609497070312
287.8562927246094	-252.62860107421875
287.4590148925781	-252.3212127685547
287.0068664550781	-251.971435546875
286.60089111328125	-251.65731811523438
286.1498718261719	-251.3082275390625
285.76708984375	-251.01197814941406
285.3174743652344	-250.6640625
284.8783874511719	-250.32424926757812
284.4303283691406	-249.97752380371094
283.5625	-249.3064727783203
282.7098083496094	-248.64297485351562
282.2779846191406	-248.30555725097656
282.2779846191406	-247.65289306640625
281.4426574707031	-247.65289306640625
281.0016784667969	-247.30856323242188
280.5990295410156	-246.9943389892578
280.1513366699219	-246.64500427246094
279.717041015625	-246.30613708496094
279.25201416015625	-245.94329833984375
278.8433532714844	-245.6244354248047
278.3597106933594	-245.24700927734375
277.9325256347656	-244.91371154785156
277.44012451171875	-244.52940368652344
277.0142517089844	-244.19712829589844
276.52362060546875	-243.8142547607422
276.08428955078125	-243.4713897705078
275.5957336425781	-243.0901336669922
275.17266845703125	-242.75997924804688
274.6861267089844	-242.38027954101562
274.2629089355469	-242.05003356933594
273.7783203125	-241.67184448242188
273.34710693359375	-241.3353271484375
272.86456298828125	-240.95875549316406
272.461669921875	-240.64434814453125
271.98114013671875	-240.26934814453125
271.5494689941406	-239.9324951171875
271.0711669921875	-239.55914306640625
270.626953125	-239.21250915527344
270.1507568359375	-238.84085083007812
269.7289733886719	-238.51158142089844
269.2549743652344	-238.14161682128906
268.8380432128906	-237.81626892089844
268.36578369140625	-237.44776916503906
267.9375305175781	-237.11361694335938
267.46734619140625	-236.7467498779297
266.6139831542969	-236.0810089111328
265.72705078125	-235.38925170898438
265.72705078125	-235.0572967529297
265.3014221191406	-235.0572967529297
264.41339111328125	-234.36483764648438
263.9503479003906	-234.00376892089844
263.5614013671875	-233.700439453125
263.1004638671875	-233.3410186767578
262.7048034667969	-233.03253173828125
262.2458801269531	-232.67474365234375
261.81591796875	-232.33949279785156
261.3591613769531	-231.98348999023438
260.9570617675781	-231.6700439453125
260.50244140625	-231.31564331054688
260.0674743652344	-230.97666931152344
259.6148681640625	-230.62391662597656
259.18255615234375	-230.2869415283203
258.73187255859375	-229.9355010986328
258.3360290527344	-229.62686157226562
257.8870544433594	-229.27684020996094
257.8870544433594	-228.9576873779297
257.47784423828125	-228.9576873779297
257.03057861328125	-228.6088409423828
256.62030029296875	-228.2887420654297
256.1756896972656	-227.94198608398438
255.76522827148438	-227.6220703125
255.32180786132812	-227.2765350341797
254.489501953125	-226.62783813476562
254.09779357910156	-226.3224334716797
253.31533813476562	-225.71287536621094
252.92019653320312	-225.4052276611328
252.5876922607422	-225.14637756347656
252.5876922607422	-224.87550354003906
252.239501953125	-224.87550354003906
251.95533752441406	-224.65438842773438
251.63787841796875	-224.4072723388672
251.34042358398438	-224.17562866210938
251.0247039794922	-223.9295654296875
250.747314453125	-223.71324157714844
250.747314453125	-223.48782348632812
250.4583740234375	-223.48782348632812
250.2092742919922	-223.29335021972656
249.92630004882812	-223.0724334716797
249.6564178466797	-222.8620147705078
249.37246704101562	-222.6410369873047
249.11444091796875	-222.43939208984375
248.82952880859375	-222.21400451660156
248.55950927734375	-221.9958953857422
248.27894592285156	-221.76217651367188
247.77259826660156	-221.315673828125
247.5418243408203	-221.10006713867188
247.5418243408203	-220.60784912109375
247.0474395751953	-220.60784912109375
246.8011016845703	-220.3423614501953
246.5915985107422	-220.10260009765625
246.5915985107422	-219.8275146484375
246.36651611328125	-219.8275146484375
246.17611694335938	-219.5784149169922
245.9746856689453	-219.29595947265625
245.80348205566406	-219.03639221191406
245.80348205566406	-218.74929809570312
245.49549865722656	-218.50697326660156
245.35064697265625	-218.21926879882812
245.232666015625	-217.96075439453125
245.1140594482422	-217.67388916015625
245.00802612304688	-217.38677978515625
245.00802612304688	-217.08407592773438
244.82147216796875	-216.7812957763672
244.7352752685547	-216.4530792236328
244.65713500976562	-216.1254119873047
244.5809783935547	-215.771240234375
244.51319885253906	-215.42018127441406
244.4476776123047	-215.04251098632812
244.4476776123047	-214.31442260742188
244.24131774902344	-213.5711212158203
244.14154052734375	-212.77964782714844
244.0963897705078	-212.42276000976562
244.0084686279297	-211.6581268310547
243.97088623046875	-211.25479125976562
243.94412231445312	-210.89022827148438
243.9231719970703	-210.48634338378906
243.91334533691406	-210.14048767089844
243.9120330810547	-209.73890686035156
243.9209442138672	-209.3694610595703
243.94090270996094	-208.97708129882812
243.94090270996094	-208.599365234375
244.0021514892578	-208.21914672851562
244.03562927246094	-207.87518310546875
244.07313537597656	-207.50523376464844
244.10601806640625	-207.18206787109375
244.10601806640625	-206.81964111328125
244.17189025878906	-206.50001525878906
244.2047576904297	-206.14022827148438
244.26612854003906	-205.4681854248047
244.33006286621094	-204.7844696044922
244.36009216308594	-204.4763946533203
244.36009216308594	-203.7920684814453
244.48171997070312	-203.4323272705078
244.48171997070312	-203.1288604736328
244.584228515625	-202.77166748046875
244.64979553222656	-202.4190673828125
244.7214813232422	-202.0730438232422
244.78965759277344	-201.76524353027344
244.8661651611328	-201.43002319335938
244.8661651611328	-201.10354614257812
245.01759338378906	-200.76747131347656
245.09181213378906	-200.45237731933594
245.17552185058594	-200.1167449951172
245.2578887939453	-199.8100128173828
245.2578887939453	-199.47906494140625
245.45103454589844	-199.173828125
245.5625762939453	-198.85076904296875
245.66737365722656	-198.57106018066406
245.79434204101562	-198.2587432861328
245.92457580566406	-197.96438598632812
246.0666046142578	-197.6679229736328
246.2069549560547	-197.3939971923828
246.3578643798828	-197.11367797851562
246.5020751953125	-196.85475158691406
246.6549530029297	-196.58639526367188
246.80422973632812	-196.32766723632812
246.9573211669922	-196.0640869140625
247.10934448242188	-195.80555725097656
247.2674560546875	-195.5437774658203
247.43006896972656	-195.28515625
247.43006896972656	-194.78952026367188
247.76470947265625	-194.78952026367188
248.10617065429688	-194.32815551757812
248.4423065185547	-193.89303588867188
248.4423065185547	-193.6674041748047
248.7848663330078	-193.4552764892578
248.9698486328125	-193.2216033935547
249.16270446777344	-192.97726440429688
249.56178283691406	-192.4683074951172
249.9922332763672	-191.9180908203125
250.2274932861328	-191.61778259277344
250.45916748046875	-191.32257080078125
250.71435546875	-190.999267578125
250.94021606445312	-190.7167205810547
251.2187957763672	-190.3754119873047
251.50091552734375	-190.03961181640625
251.7914276123047	-189.7021942138672
252.05502319335938	-189.40101623535156
252.61412048339844	-188.76358032226562
252.89955139160156	-188.4353790283203
253.15518188476562	-188.13998413085938
253.43829345703125	-187.81173706054688
253.69374084472656	-187.51510620117188
253.9759521484375	-187.1876220703125
254.24041748046875	-186.88128662109375
254.5309600830078	-186.5453338623047
254.79678344726562	-186.23812866210938
255.1027374267578	-185.88455200195312
255.3888702392578	-185.55380249023438
255.7115020751953	-185.1807403564453
256.0030822753906	-184.84364318847656
256.3421325683594	-184.451416015625
256.65386962890625	-184.0906982421875
257.008056640625	-183.68080139160156
257.3270263671875	-183.3116455078125
257.68145751953125	-182.90133666992188
257.9920959472656	-182.541748046875
258.3453674316406	-182.1327667236328
258.64508056640625	-181.78567504882812
258.99700927734375	-181.37818908691406
258.99700927734375	-181.0272979736328
259.30010986328125	-181.0272979736328
259.6509704589844	-180.62107849121094
259.96990966796875	-180.251708984375
260.31951904296875	-179.84683227539062
260.6356201171875	-179.48072814941406
260.9840087890625	-179.07723999023438
261.6463928222656	-178.3101043701172
261.6463928222656	-177.5399932861328
262.31134033203125	-177.5399932861328
262.6345520019531	-177.16563415527344
263.2843322753906	-176.41294860839844
263.6271667480469	-176.01580810546875
263.6271667480469	-175.6558074951172
263.9380187988281	-175.6558074951172
264.2794494628906	-175.26036071777344
264.60186767578125	-174.8869171142578
264.941650390625	-174.4934539794922
265.2582702636719	-174.12684631347656
265.5965576171875	-173.73524475097656
265.90582275390625	-173.377197265625
265.90582275390625	-172.98748779296875
266.24249267578125	-172.98748779296875
266.5501708984375	-172.63131713867188
266.8851318359375	-172.24356079101562
267.1882019042969	-171.89279174804688
267.52166748046875	-171.5068817138672
267.8238525390625	-171.15708923339844
268.15576171875	-170.77296447753906
268.45703125	-170.4241943359375
268.787353515625	-170.04180908203125
269.06683349609375	-169.7183380126953
269.3954772949219	-169.33787536621094
269.6893005371094	-168.99765014648438
270.0162353515625	-168.61911010742188
270.2981262207031	-168.29269409179688
270.6233215332031	-167.91612243652344
271.2160949707031	-167.22950744628906
271.2160949707031	-166.52227783203125
271.82647705078125	-166.52227783203125
272.132080078125	-166.16815185546875
272.7289733886719	-165.4763641357422
273.045654296875	-165.10928344726562
273.3450012207031	-164.76210021972656
273.6597595214844	-164.39706420898438
273.9477844238281	-164.06295776367188
274.2698059082031	-163.6895751953125
274.5469665527344	-163.36830139160156
274.5469665527344	-162.97784423828125
274.8836669921875	-162.97784423828125
275.1856689453125	-162.6274871826172
275.1856689453125	-162.21861267089844
275.5381774902344	-162.21861267089844
275.5381774902344	-161.85765075683594
275.849365234375	-161.85765075683594
276.21807861328125	-161.43008422851562
276.5531921386719	-161.04141235351562
276.927490234375	-160.6073760986328
277.6135559082031	-159.81178283691406
278.30718994140625	-159.00746154785156
278.61553955078125	-158.6499481201172
279.3021545410156	-157.8541259765625
279.67083740234375	-157.42678833007812
280.0262756347656	-157.01487731933594
280.3936462402344	-156.58932495117188
280.7087097167969	-156.2242431640625
281.07464599609375	-155.8002166748047
281.07464599609375	-155.4009552001953
281.41925048828125	-155.4009552001953
281.78350830078125	-154.9791259765625
282.0981750488281	-154.61459350585938
282.460693359375	-154.1945037841797
282.7847900390625	-153.81895446777344
283.1455383300781	-153.40097045898438
283.4721984863281	-153.02239990234375
283.83099365234375	-152.60647583007812
284.15521240234375	-152.2305908203125
284.51202392578125	-151.81692504882812
284.8382873535156	-151.43856811523438
284.8382873535156	-151.0270233154297
285.1931457519531	-151.0270233154297
285.87896728515625	-150.23153686523438
286.6056213378906	-149.38880920410156
286.6056213378906	-148.994384765625
286.94561767578125	-148.994384765625
286.94561767578125	-148.21595764160156
287.6165466308594	-148.21595764160156
287.9888610839844	-147.78395080566406
288.3117980957031	-147.40928649902344
288.6822509765625	-146.97947692871094
288.9986267089844	-146.6128692626953
289.3638610839844	-146.1887664794922
289.711669921875	-145.78038024902344
290.0742492675781	-145.35157775878906
290.38525390625	-144.98333740234375
290.74615478515625	-144.55613708496094
291.1064758300781	-144.1302032470703
291.77392578125	-143.34202575683594
292.1321105957031	-142.91944885253906
292.44598388671875	-142.5492401123047
292.8026123046875	-142.12841796875
293.11773681640625	-141.75709533691406
293.46929931640625	-141.34176635742188
293.7962951660156	-140.9511260986328
294.1454162597656	-140.5316162109375
294.4645690917969	-140.14761352539062
294.8086853027344	-139.7337188720703
295.0975646972656	-139.3865966796875
295.40557861328125	-139.01644897460938
295.67218017578125	-138.69586181640625
295.67218017578125	-138.37420654296875
295.93951416015625	-138.37420654296875
296.1528625488281	-138.11729431152344
296.38006591796875	-137.84364318847656
296.74298095703125	-137.4062042236328
296.74298095703125	-136.9870147705078
297.09149169921875	-136.9870147705078
297.2557678222656	-136.78976440429688
297.2557678222656	-136.56393432617188
297.6190185546875	-136.35345458984375
297.8157653808594	-136.1171875
297.8157653808594	-135.88992309570312
298.219482421875	-135.63221740722656
298.219482421875	-135.3834991455078
298.426513671875	-135.3834991455078
298.65631103515625	-135.1073455810547
298.8475646972656	-134.87753295898438
299.07635498046875	-134.60260009765625
299.2822265625	-134.3551483154297
299.2822265625	-134.08261108398438
299.5090026855469	-134.08261108398438
299.6995544433594	-133.85365295410156
299.9330749511719	-133.57313537597656
300.3702087402344	-133.04794311523438
300.8151550292969	-132.51324462890625
301.0166320800781	-132.27117919921875
301.4518737792969	-131.74867248535156
301.4518737792969	-131.47189331054688
301.6810607910156	-131.47189331054688
301.8810729980469	-131.22695922851562
302.09881591796875	-130.95420837402344
302.3088073730469	-130.68235778808594
302.5103454589844	-130.41122436523438
302.68475341796875	-130.1663360595703
302.8680725097656	-129.89645385742188
303.03094482421875	-129.6434783935547
303.1938781738281	-129.37448120117188
303.3330383300781	-129.12928771972656
303.4806213378906	-128.85150146484375
303.6019592285156	-128.6102294921875
303.741455078125	-128.32142639160156
303.741455078125	-128.03665161132812
304.00970458984375	-127.74844360351562
304.1300048828125	-127.48389434814453
304.256103515625	-127.19490814208984
304.36279296875	-126.93873596191406
304.36279296875	-126.64058685302734
304.710693359375	-126.06167602539062
304.9455871582031	-125.4772720336914
305.0597839355469	-125.19810485839844
305.1811828613281	-124.90190887451172
305.2904052734375	-124.63484191894531
305.41015625	-124.34088897705078
305.51983642578125	-124.07038879394531
305.6377258300781	-123.7786636352539
305.7410583496094	-123.52262878417969
305.8580627441406	-123.23258972167969
305.9664306640625	-122.96407318115234
306.0849304199219	-122.67240142822266
306.1912536621094	-122.41494750976562
306.3150329589844	-122.12359619140625
306.43743896484375	-121.84568786621094
306.56988525390625	-121.55772399902344
306.6948547363281	-121.29821014404297
306.8373718261719	-121.0163345336914
306.97027587890625	-120.76670837402344
307.12353515625	-120.49344635009766
307.4212341308594	-120.00523376464844
307.74395751953125	-119.52027893066406
307.89349365234375	-119.30300903320312
308.0578918457031	-119.06639099121094
308.214111328125	-118.84197235107422
308.3740234375	-118.61119079589844
308.5179748535156	-118.40157318115234
308.6748046875	-118.17196655273438
308.8221740722656	-117.95626068115234
308.98699951171875	-117.71556091308594
309.14276123046875	-117.48861694335938
309.3236389160156	-117.2255630493164
309.4917907714844	-116.98171997070312
309.6912536621094	-116.6943130493164
309.8948669433594	-116.4043960571289
309.8948669433594	-116.09387969970703
310.1171875	-116.09387969970703
310.3521728515625	-115.77384948730469
310.5992126464844	-115.44778442382812
310.8324279785156	-115.1491470336914
311.09771728515625	-114.81625366210938
311.3486022949219	-114.50384521484375
311.6306457519531	-114.15613555908203
312.146484375	-113.53308868408203
312.694580078125	-112.87493896484375
313.2467346191406	-112.20719909667969
313.4722595214844	-111.93379211425781
313.74652099609375	-111.6011734008789
314.0217590332031	-111.26760864257812
314.2994384765625	-110.93328094482422
314.5387268066406	-110.64955139160156
314.8195495605469	-110.32355499267578
315.0601806640625	-110.04865264892578
315.0601806640625	-109.73100280761719
315.33935546875	-109.73100280761719
315.85430908203125	-109.14242553710938
316.3948059082031	-108.52027130126953
316.61724853515625	-108.26359558105469
316.61724853515625	-107.94905090332031
316.8898010253906	-107.94905090332031
317.1359558105469	-107.66503143310547
317.41595458984375	-107.34230041503906
317.7037048339844	-107.01092529296875
317.7037048339844	-106.6703109741211
317.99957275390625	-106.6703109741211
318.2840881347656	-106.34293365478516
318.5960998535156	-105.98387145996094
318.8846435546875	-105.6518783569336
319.2126159667969	-105.27436065673828
319.52032470703125	-104.92008209228516
319.86431884765625	-104.52404022216797
319.86431884765625	-104.14984130859375
320.1894226074219	-104.14984130859375
320.5493469238281	-103.73550415039062
321.2611999511719	-102.91600036621094
321.6112060546875	-102.51306915283203
321.6112060546875	-101.63687133789062
322.37225341796875	-101.63687133789062
322.77935791015625	-101.1680679321289
323.13922119140625	-100.7536849975586
323.5608215332031	-100.26834869384766
323.93487548828125	-99.83780670166016
324.3557434082031	-99.3532485961914
324.7173156738281	-98.93698120117188
325.1366271972656	-98.45428466796875
325.488037109375	-98.0504379272461
325.90130615234375	-97.5739974975586
326.267578125	-97.14636993408203
326.677978515625	-96.66412353515625
327.0408935546875	-96.23717498779297
327.4495849609375	-95.75652313232422
327.4495849609375	-94.85671997070312
328.21563720703125	-94.85671997070312
328.9535827636719	-93.9910659790039
328.9535827636719	-93.59488677978516
329.2914123535156	-93.59488677978516
329.6954040527344	-93.12101745605469
330.032470703125	-92.72590637207031
330.032470703125	-92.25455474853516
330.4345703125	-92.25455474853516
330.78082275390625	-91.84858703613281
331.18365478515625	-91.37616729736328
331.53668212890625	-90.96192169189453
331.9552917480469	-90.47106170654297
332.3250427246094	-90.03784942626953
332.7593688964844	-89.52896118164062
333.1133117675781	-89.11406707763672
333.5630187988281	-88.58699798583984
333.981689453125	-88.09607696533203
334.4477233886719	-87.54927825927734
335.3453674316406	-86.49589538574219
336.2674560546875	-85.41289520263672
336.7200622558594	-84.88101196289062
337.2353515625	-84.27533721923828
337.6816101074219	-83.75025177001953
338.21392822265625	-83.12382507324219
338.7244873046875	-82.5242919921875
339.2706298828125	-81.88035583496094
339.7878112792969	-81.27104187011719
340.35009765625	-80.61151885986328
340.85736083984375	-80.01640319824219
341.4310302734375	-79.3427963256836
341.92919921875	-78.75737762451172
342.51531982421875	-78.06816101074219
343.060791015625	-77.4265365600586
343.6620178222656	-76.71942138671875
344.1991271972656	-76.08757019042969
344.7991638183594	-75.38114929199219
345.3226623535156	-74.7643814086914
345.9212341308594	-74.06049346923828
347.05828857421875	-72.72317504882812
348.1484375	-71.44619750976562
348.6570129394531	-70.84854125976562
349.7656555175781	-69.5499038696289
350.3555908203125	-68.8565673828125
350.8863830566406	-68.23504638671875
351.4756774902344	-67.54528045654297
351.97869873046875	-66.95597076416016
352.5655212402344	-66.26789093017578
353.0736999511719	-65.6715087890625
353.65814208984375	-64.98517608642578
353.65814208984375	-64.36318969726562
354.18756103515625	-64.36318969726562
354.76995849609375	-63.6789665222168
355.2822265625	-63.07767868041992
355.86309814453125	-62.39678955078125
356.95916748046875	-61.114864349365234
358.02215576171875	-59.8736686706543
358.5157165527344	-59.29780960083008
359.6056213378906	-58.019744873046875
360.1727600097656	-57.353981018066406
360.67767333984375	-56.75912857055664
361.2409973144531	-56.09471893310547
361.7642822265625	-55.477901458740234
362.3257751464844	-54.81666946411133
362.8438415527344	-54.20706558227539
363.4042663574219	-53.548194885253906
363.4042663574219	-52.960906982421875
363.9041442871094	-52.960906982421875
364.46343994140625	-52.30404281616211
364.46343994140625	-51.73845672607422
364.9450378417969	-51.73845672607422
365.5030517578125	-51.08317565917969
365.5030517578125	-50.47357177734375
366.02215576171875	-50.47357177734375
366.5788269042969	-49.81986999511719
367.08349609375	-49.22720718383789
367.6387939453125	-48.575035095214844
368.686767578125	-47.344356536865234
369.18365478515625	-46.761016845703125
370.2033996582031	-45.56373977661133
370.7546081542969	-44.91658020019531
371.3050842285156	-44.27037811279297
371.8517761230469	-43.6292839050293
372.3409729003906	-43.05237579345703
372.3409729003906	-42.41355895996094
372.8721008300781	-42.41355895996094
372.8721008300781	-41.79152297973633
373.3749084472656	-41.79152297973633
373.3749084472656	-41.133907318115234
373.8961181640625	-41.133907318115234
374.35748291015625	-40.547767639160156
374.8757629394531	-39.888946533203125
374.8757629394531	-39.31643295288086
375.3268127441406	-39.31643295288086
375.8446044921875	-38.66064453125
376.29730224609375	-38.088130950927734
376.817626953125	-37.43391799926758
377.2546081542969	-36.88813781738281
377.7747497558594	-36.24062728881836
377.7747497558594	-35.03448486328125
378.7437438964844	-35.03448486328125
378.7437438964844	-34.503753662109375
379.17095947265625	-34.503753662109375
379.6893615722656	-33.862674713134766
380.1378479003906	-33.3082160949707
380.654296875	-32.67033004760742
381.1154479980469	-32.101295471191406
381.62921142578125	-31.465852737426758
382.0867919921875	-30.90043067932129
382.0867919921875	-30.265378952026367
382.6022033691406	-30.265378952026367
383.0479736328125	-29.7199649810791
383.56353759765625	-29.092321395874023
383.56353759765625	-28.534605026245117
384.0222473144531	-28.534605026245117
384.5411376953125	-27.90492820739746
385.5162658691406	-26.746294021606445
386.4894104003906	-25.6181583404541
386.9561462402344	-25.078645706176758
387.4817199707031	-24.47005844116211
387.93377685546875	-23.946523666381836
388.4637756347656	-23.337848663330078
388.4637756347656	-22.800188064575195
388.9384460449219	-22.800188064575195
389.4693298339844	-22.204179763793945
389.92279052734375	-21.696319580078125
390.4483947753906	-21.107797622680664
390.9149475097656	-20.58540916442871
391.4012451171875	-20.0408878326416
391.80859375	-19.584796905517578
392.25347900390625	-19.086694717407227
392.25347900390625	-18.652973175048828
392.6409912109375	-18.652973175048828
393.0423278808594	-18.20374298095703
393.72955322265625	-17.43457794189453
394.34234619140625	-16.748802185058594
394.60174560546875	-16.458646774291992
394.88250732421875	-16.144607543945312
395.1238708496094	-15.874470710754395
395.1238708496094	-15.568376541137695
395.39764404296875	-15.568376541137695
395.6354675292969	-15.302180290222168
395.9023132324219	-15.000038146972656
396.131103515625	-14.73581314086914
396.3955078125	-14.425725936889648
396.6288146972656	-14.150969505310059
396.89288330078125	-13.840705871582031
397.1181945800781	-13.577019691467285
397.3822021484375	-13.268942832946777
397.63763427734375	-12.971607208251953
397.9010009765625	-12.665427207946777
398.3952941894531	-12.090741157531738
398.6248779296875	-11.82358169555664
398.893310546875	-11.510855674743652
399.13177490234375	-11.233030319213867
399.4150085449219	-10.903036117553711
399.6802978515625	-10.594025611877441
399.97967529296875	-10.245330810546875
399.97967529296875	-9.936484336853027
400.2448425292969	-9.936484336853027
400.2448425292969	-9.57218074798584
400.5577087402344	-9.57218074798584
400.82513427734375	-9.26083755493164
401.1370544433594	-8.897705078125
401.7078857421875	-8.233135223388672
402.2902526855469	-7.554897308349609
402.5647888183594	-7.235175132751465
402.5647888183594	-6.576961040496826
403.12994384765625	-6.576961040496826
403.43646240234375	-6.2199249267578125
403.700927734375	-5.911712169647217
404.0061950683594	-5.556014537811279
404.2650451660156	-5.254357814788818
404.5691223144531	-4.900146007537842
404.8345642089844	-4.590928077697754
405.1373291015625	-4.2381134033203125
405.4139099121094	-3.915924549102783
405.7154541015625	-3.5645718574523926
406.2575988769531	-2.932969570159912
406.5196228027344	-2.627742290496826
407.0966491699219	-1.9552093744277954
407.3941650390625	-1.6082593202590942
407.66265869140625	-1.2951358556747437
407.66265869140625	-0.9554014801979065
407.9539794921875	-0.9554014801979065
408.20977783203125	-0.6567252278327942
408.46246337890625	-0.36128291487693787
408.6871032714844	-0.09852651506662369
408.9013671875	0.152547687292099
409.08526611328125	0.3677840530872345
409.2934875488281	0.610827624797821
409.47723388671875	0.8248860836029053
409.683837890625	1.0651886463165283
409.8576354980469	1.2672189474105835
410.06231689453125	1.5056458711624146
410.06231689453125	1.9578238725662231
410.44976806640625	1.9578238725662231
410.6135559082031	2.148782253265381
410.6135559082031	2.583935022354126
410.98712158203125	2.583935022354126
411.1966857910156	2.8280766010284424
411.3943786621094	3.0581953525543213
411.61962890625	3.320042133331299
411.8180847167969	3.5505893230438232
412.0480041503906	3.818263053894043
412.2657775878906	4.071889400482178
412.4932861328125	4.337038516998291
412.68328857421875	4.558446407318115
412.9084777832031	4.820770263671875
413.129638671875	5.078370571136475
413.3523254394531	5.337642192840576
413.77972412109375	5.834488391876221
413.98876953125	6.077744960784912
414.3913269042969	6.546932697296143
414.60162353515625	6.792362213134766
414.7760314941406	6.995716571807861
414.94720458984375	7.194796085357666
415.2251281738281	7.518117427825928
415.49835205078125	7.836484432220459
415.7718505859375	8.1557035446167
416.06451416015625	8.497271537780762
416.1959228515625	8.650714874267578
416.3527526855469	8.83377456665039
416.4992980957031	9.004802703857422
416.67529296875	9.210171699523926
416.8372802734375	9.39920711517334
416.8372802734375	9.604104995727539
417.16107177734375	9.776782035827637
417.3464050292969	9.993041038513184
417.50469970703125	10.177754402160645
417.50469970703125	10.393064498901367
418.0299987792969	10.79061508178711
418.3716125488281	11.188867568969727
418.53662109375	11.3790922164917
418.53662109375	11.593152046203613
418.88897705078125	11.773883819580078
419.0838623046875	11.98327350616455
419.25421142578125	12.16079330444336
419.25421142578125	12.363691329956055
419.4555969238281	12.363691329956055
419.6341247558594	12.537091255187988
419.84210205078125	12.731070518493652
420.0306396484375	12.899341583251953
420.24493408203125	13.081525802612305
420.4529113769531	13.249114990234375
420.6726379394531	13.416122436523438
421.0765686035156	13.696028709411621
421.48931884765625	13.946243286132812
421.6685485839844	14.043521881103516
421.8935241699219	14.156471252441406
422.2972412109375	14.336142539978027
422.490966796875	14.414084434509277
422.71026611328125	14.497862815856934
422.8985595703125	14.566838264465332
423.1137390136719	14.642802238464355
423.3174133300781	14.712202072143555
423.5277404785156	14.781621932983398
423.903076171875	14.901260375976562
424.2662658691406	15.014068603515625
424.65032958984375	15.133718490600586
425.01556396484375	15.245489120483398
425.39727783203125	15.351825714111328
425.7818298339844	15.44556713104248
426.174072265625	15.52684211730957
426.55181884765625	15.5899658203125
427.14337158203125	15.662546157836914
427.5032043457031	15.701656341552734
427.8543395996094	15.739578247070312
428.2095642089844	15.77861213684082
428.5579528808594	15.818655014038086
428.9107971191406	15.858084678649902
429.26934814453125	15.89167594909668
429.6356201171875	15.918766021728516
429.9738464355469	15.943671226501465
430.3296203613281	15.966936111450195
430.8543395996094	15.982931137084961
431.1896667480469	15.979616165161133
431.5309753417969	15.963729858398438
431.86297607421875	15.934911727905273
432.1955261230469	15.890777587890625
432.50189208984375	15.834060668945312
432.80975341796875	15.760579109191895
433.3492431640625	15.592863082885742
433.57403564453125	15.508626937866211
433.7820739746094	15.424333572387695
434.030029296875	15.316905975341797
434.2449645996094	15.218000411987305
434.5135803222656	15.086467742919922
434.7468566894531	14.965581893920898
435.03302001953125	14.809693336486816
435.5845947265625	14.488497734069824
435.83551025390625	14.334297180175781
436.324951171875	14.028079986572266
436.59033203125	13.863676071166992
436.80804443359375	13.730690002441406
437.0779724121094	13.567535400390625
437.3116760253906	13.426793098449707
437.6032409667969	13.25083065032959
437.89495849609375	13.073873519897461
438.20880126953125	12.882692337036133
438.49066162109375	12.710457801818848
438.8254699707031	12.505457878112793
439.47174072265625	12.10942268371582
440.145751953125	11.696590423583984
440.471923828125	11.496997833251953
440.8566589355469	11.261507987976074
441.1824645996094	11.062070846557617
441.56634521484375	10.8270845413208
441.8966979980469	10.624762535095215
442.2795104980469	10.390279769897461
442.6148681640625	10.184832572937012
443.00836181640625	9.943816184997559
443.77484130859375	9.473881721496582
443.77484130859375	8.972481727600098
444.5926818847656	8.972481727600098
444.5926818847656	8.723176956176758
444.9993591308594	8.723176956176758
445.4557189941406	8.443426132202148
445.8518981933594	8.200636863708496
446.3294677734375	7.908042907714844
446.7306823730469	7.662250995635986
447.22845458984375	7.35717248916626
447.6524658203125	7.097306251525879
448.1705017089844	6.779972076416016
449.1507263183594	6.179714679718018
450.18475341796875	5.546445846557617
450.67694091796875	5.24505090713501
451.2547912597656	4.891148567199707
451.7438049316406	4.591543674468994
452.3416442871094	4.2252936363220215
452.8718566894531	3.900430679321289
453.4902648925781	3.521496534347534
454.0102233886719	3.2028441429138184
454.6487121582031	2.811530113220215
454.6487121582031	2.473301649093628
455.2005310058594	2.473301649093628
455.8595886230469	2.0693793296813965
457.10858154296875	1.3038902282714844
457.73193359375	0.9218303561210632
459.0447692871094	0.11695673316717148
459.0447692871094	-0.3228292763233185
459.761962890625	-0.3228292763233185
459.761962890625	-0.6888784766197205
460.35882568359375	-0.6888784766197205
460.35882568359375	-1.127945065498352
461.0748596191406	-1.127945065498352
461.7362976074219	-1.5334900617599487
462.4500427246094	-1.9710726737976074
463.01043701171875	-2.314687728881836
463.01043701171875	-2.7578792572021484
463.7334289550781	-2.7578792572021484
465.145751953125	-3.6238465309143066
465.7828369140625	-4.014613151550293
467.1290588378906	-4.840280055999756
467.8763732910156	-5.298710346221924
468.5302734375	-5.69976806640625
469.2752685546875	-6.156628608703613
469.97967529296875	-6.588563919067383
469.97967529296875	-7.044793605804443
470.7237243652344	-7.044793605804443
471.35931396484375	-7.4344706535339355
472.1194763183594	-7.9005537033081055
472.8037414550781	-8.320143699645996
472.8037414550781	-8.790081024169922
473.5699157714844	-8.790081024169922
474.9560546875	-9.64028263092041
476.3895568847656	-10.519571304321289
477.04913330078125	-10.924139022827148
477.04913330078125	-11.38955020904541
477.807861328125	-11.38955020904541
478.5152282714844	-11.823464393615723
479.27142333984375	-12.287357330322266
479.926025390625	-12.688947677612305
480.6797180175781	-13.151403427124023
481.3313293457031	-13.551200866699219
482.08270263671875	-14.012229919433594
482.68341064453125	-14.380844116210938
482.68341064453125	-14.840473175048828
483.4324951171875	-14.840473175048828
484.82476806640625	-15.694693565368652
485.4910888671875	-16.10338592529297
486.9183654785156	-16.97865104675293
487.6591796875	-17.432737350463867
487.6591796875	-17.832509994506836
488.3114318847656	-17.832509994506836
489.0494384765625	-18.284774780273438
489.7101745605469	-18.689680099487305
490.4454345703125	-19.140295028686523
491.0677795410156	-19.521732330322266
491.7745361328125	-19.95501136779785
492.3530578613281	-20.309711456298828
493.0114440917969	-20.71339225769043
493.5482482910156	-21.04255485534668
494.1543884277344	-21.414196014404297
494.1543884277344	-22.059072494506836
495.2060546875	-22.059072494506836
496.1837158203125	-22.658329010009766
496.1837158203125	-22.95587730407715
496.66937255859375	-22.95587730407715
497.20550537109375	-23.284311294555664
497.6190490722656	-23.537633895874023
498.1529541015625	-23.864633560180664
498.6192321777344	-24.15062141418457
499.14385986328125	-24.471506118774414
499.5986328125	-24.746156692504883
500.11767578125	-25.051517486572266
500.5859069824219	-25.316190719604492
501.12005615234375	-25.6076717376709
502.13458251953125	-26.14958953857422
503.14715576171875	-26.692968368530273
503.6009216308594	-26.93819236755371
504.1336975097656	-27.227060317993164
504.6325378417969	-27.49802017211914
505.1625671386719	-27.786056518554688
505.6000671386719	-28.023727416992188
506.12786865234375	-28.310197830200195
506.5777282714844	-28.554141998291016
507.1032409667969	-28.838897705078125
508.0577697753906	-29.356210708618164
508.9908142089844	-29.857206344604492
509.45208740234375	-30.09804344177246
509.45208740234375	-30.36737060546875
509.9754333496094	-30.36737060546875
510.4125671386719	-30.591867446899414
510.9342956542969	-30.86017608642578
511.3596496582031	-31.079605102539062
511.87872314453125	-31.348163604736328
512.3037109375	-31.568532943725586
512.8204345703125	-31.836761474609375
513.755126953125	-32.322139739990234
513.755126953125	-32.54438018798828
514.1830444335938	-32.54438018798828
515.10107421875	-33.021324157714844
515.10107421875	-33.277862548828125
515.6023559570312	-33.277862548828125
516.0204467773438	-33.48585891723633
516.5283203125	-33.72935104370117
516.9395751953125	-33.920711517333984
517.4573364257812	-34.158599853515625
517.4573364257812	-34.597259521484375
518.4090576171875	-34.597259521484375
518.8101196289062	-34.78350067138672
519.3236694335938	-35.022891998291016
519.7373657226562	-35.216365814208984
520.2498779296875	-35.45614242553711
520.2498779296875	-35.656978607177734
520.677734375	-35.656978607177734
521.18701171875	-35.89643859863281
521.6050415039062	-36.0929069519043
522.1136474609375	-36.33161926269531
523.0477294921875	-36.77208709716797
523.5045776367188	-36.9920768737793
524.4500732421875	-37.4526481628418
524.9496459960938	-37.6964111328125
525.3692626953125	-37.90122985839844
525.8721923828125	-38.149314880371094
526.3101806640625	-38.370635986328125
526.802978515625	-38.62782669067383
527.2059326171875	-38.843467712402344
527.6875	-39.10326385498047
527.6875	-39.587406158447266
528.5816650390625	-39.587406158447266
528.97802734375	-39.80619430541992
529.4583740234375	-40.07876968383789
529.8546752929688	-40.31148147583008
530.3175659179688	-40.591575622558594
530.7115478515625	-40.833797454833984
531.1669311523438	-41.11410140991211
531.53466796875	-41.339813232421875
531.9938354492188	-41.62263488769531
532.3825073242188	-41.86605453491211
532.82666015625	-42.150238037109375
532.82666015625	-42.643123626708984
533.5841674804688	-42.643123626708984
533.5841674804688	-43.09988784790039
534.2816162109375	-43.09988784790039
534.5299682617188	-43.26277160644531
534.817626953125	-43.45172119140625
535.0306396484375	-43.59158706665039
535.264404296875	-43.745079040527344
535.4360961914062	-43.85820007324219
535.6161499023438	-43.97737121582031
535.93359375	-44.185943603515625
536.2512817382812	-44.383296966552734
536.5708618164062	-44.5748176574707
536.7198486328125	-44.774600982666016
537.045166015625	-44.869380950927734
537.234130859375	-44.988834381103516
537.6192016601562	-45.23106002807617
537.8171997070312	-45.354976654052734
538.06201171875	-45.50764083862305
538.285888671875	-45.647029876708984
538.5308837890625	-45.79946517944336
538.7464599609375	-45.933509826660156
538.9887084960938	-46.08434295654297
539.4234619140625	-46.35488510131836
539.6282348632812	-46.47970962524414
539.8684692382812	-46.62322235107422
540.0809326171875	-46.74899673461914
540.3211059570312	-46.892173767089844
540.5164794921875	-47.009883880615234
540.7529907226562	-47.153228759765625
540.9561157226562	-47.27653503417969
541.1905517578125	-47.418853759765625
541.6240234375	-47.68196487426758
541.8206176757812	-47.80117416381836
542.2457275390625	-48.05519104003906
542.4765625	-48.189727783203125
542.6605834960938	-48.2967414855957
542.8865356445312	-48.429134368896484
543.0731811523438	-48.538978576660156
543.2920532226562	-48.66640853881836
543.4701538085938	-48.76728820800781
543.6942749023438	-48.89072799682617
544.110107421875	-49.115997314453125
544.3038940429688	-49.22257614135742
544.7045288085938	-49.446510314941406
544.9249267578125	-49.570369720458984
545.1122436523438	-49.67544937133789
545.3310546875	-49.79808807373047
545.51318359375	-49.89990234375
545.7305297851562	-50.021060943603516
545.9134521484375	-50.1227912902832
546.1310424804688	-50.2435302734375
546.5264282226562	-50.46541976928711
546.91796875	-50.6904296875
547.10107421875	-50.79533386230469
547.3095703125	-50.913848876953125
547.6828002929688	-51.12492370605469
547.8682250976562	-51.229827880859375
548.0736694335938	-51.34611892700195
548.4483032226562	-51.55825424194336
548.8250122070312	-51.7719841003418
549.216796875	-51.99811553955078
549.5897216796875	-52.2147102355957
549.7692260742188	-52.319149017333984
549.967041015625	-52.43611526489258
550.3230590820312	-52.651546478271484
550.4786376953125	-52.859127044677734
550.862060546875	-52.972496032714844
551.0547485351562	-53.08634948730469
551.2103271484375	-53.29332733154297
551.5596313476562	-53.39278030395508
551.7442626953125	-53.505409240722656
551.8991088867188	-53.71028518676758
552.2394409179688	-53.803951263427734
552.426513671875	-53.91667556762695
552.8133544921875	-54.149967193603516
553.0179443359375	-54.27339172363281
553.47998046875	-54.55242919921875
553.7499389648438	-54.715579986572266
554.0000610351562	-54.866783142089844
554.2807006835938	-55.036460876464844
554.5171508789062	-55.179344177246094
554.7960205078125	-55.34781265258789
555.0410766601562	-55.4958381652832
555.3176879882812	-55.66303253173828
555.8107299804688	-55.96089172363281
556.3689575195312	-56.29821014404297
556.6096801757812	-56.443748474121094
556.6096801757812	-56.776344299316406
557.1600341796875	-56.776344299316406
557.4535522460938	-56.95370864868164
557.7048950195312	-57.105613708496094
558.0040283203125	-57.286354064941406
558.252685546875	-57.43666076660156
558.5499877929688	-57.61628341674805
558.8046875	-57.77019500732422
559.107421875	-57.95317840576172
559.4066772460938	-58.134010314941406
559.707275390625	-58.315696716308594
560.2683715820312	-58.65475845336914
560.850830078125	-59.00675582885742
561.1504516601562	-59.187843322753906
561.4783325195312	-59.38603591918945
561.7730102539062	-59.5641975402832
562.1078491210938	-59.76664352416992
562.3909912109375	-59.93777084350586
562.7315673828125	-60.143619537353516
563.0228271484375	-60.31972885131836
563.3641967773438	-60.526100158691406
563.68359375	-60.71916198730469
564.033447265625	-60.93070602416992
564.3627319335938	-61.129798889160156
564.720458984375	-61.346134185791016
565.4108276367188	-61.76337814331055
566.0873413085938	-62.17237091064453
566.3976440429688	-62.35996627807617
566.7753295898438	-62.58835983276367
567.110595703125	-62.79110336303711
567.4953002929688	-63.023738861083984
567.840087890625	-63.23221969604492
568.2301025390625	-63.46805953979492
568.552978515625	-63.663238525390625
568.95166015625	-63.9044303894043
569.3138427734375	-64.1234359741211
569.3138427734375	-64.36414337158203
569.7119140625	-64.36414337158203
569.7119140625	-64.5755615234375
570.0614013671875	-64.5755615234375
570.4576416015625	-64.81513977050781
571.1764526367188	-65.24982452392578
571.5069580078125	-65.44971466064453
571.8999633789062	-65.68733978271484
572.2291259765625	-65.88639068603516
572.6204223632812	-66.12303161621094
572.949951171875	-66.32228088378906
573.3428344726562	-66.55979919433594
573.674072265625	-66.7601547241211
574.0733032226562	-67.00154876708984
574.0733032226562	-67.44888305664062
574.8128662109375	-67.44888305664062
575.1968994140625	-67.68119812011719
575.9429321289062	-68.132568359375
576.3568115234375	-68.38307189941406
576.6942138671875	-68.58721923828125
577.1080932617188	-68.8375244140625
577.432373046875	-69.03414916992188
577.843017578125	-69.28457641601562
578.6077880859375	-69.75177001953125
578.6077880859375	-70.24797821044922
579.42041015625	-70.24797821044922
579.7675170898438	-70.4597396850586
580.173828125	-70.70758056640625
580.5089111328125	-70.9119644165039
580.91552734375	-71.16002655029297
581.2846069335938	-71.38499450683594
581.6983642578125	-71.63729095458984
582.452392578125	-72.0972900390625
583.2362060546875	-72.57528686523438
583.2362060546875	-72.79157257080078
583.5908813476562	-72.79157257080078
584.0198364257812	-73.05333709716797
584.387939453125	-73.27787780761719
584.8261108398438	-73.54518127441406
585.2122802734375	-73.78086853027344
585.6585083007812	-74.0531234741211
586.027099609375	-74.27799224853516
586.4826049804688	-74.55596160888672
586.8975219726562	-74.8091812133789
587.3561401367188	-75.08905029296875
588.244873046875	-75.63153076171875
588.63134765625	-75.86746978759766
589.0947875976562	-76.15037536621094
589.46630859375	-76.37718963623047
589.9284057617188	-76.65914916992188
590.3507690429688	-76.9168930053711
590.3507690429688	-77.19813537597656
590.8114624023438	-77.19813537597656
591.2083740234375	-77.44047546386719
591.6756591796875	-77.72586059570312
592.0831909179688	-77.97471618652344
592.5581665039062	-78.26475524902344
593.4283447265625	-78.79608154296875
593.4283447265625	-79.04755401611328
593.8401489257812	-79.04755401611328
594.3246459960938	-79.3435287475586
594.7255859375	-79.58834075927734
595.2080688476562	-79.88288116455078
595.6044921875	-80.12488555908203
595.6044921875	-80.41819763183594
596.0850219726562	-80.41819763183594
596.504150390625	-80.6740951538086
596.9825439453125	-80.96614837646484
597.8516845703125	-81.4963607788086
597.8516845703125	-81.74169921875
598.2534790039062	-81.74169921875
598.7277221679688	-82.03145599365234
599.1268310546875	-82.27531433105469
599.6018676757812	-82.56531524658203
600.0764770507812	-82.85464477539062
600.5578002929688	-83.14852905273438
600.9473266601562	-83.3865966796875
600.9473266601562	-83.6845474243164
601.4347534179688	-83.6845474243164
601.8779907226562	-83.95524597167969
602.3778076171875	-84.26007080078125
602.802734375	-84.51910400390625
603.3106689453125	-84.82914733886719
603.3106689453125	-85.40033721923828
604.2459106445312	-85.40033721923828
604.6815185546875	-85.66645812988281
605.6317138671875	-86.24669647216797
606.1631469726562	-86.5714111328125
606.6112670898438	-86.84527587890625
607.1511840820312	-87.17521667480469
607.6043090820312	-87.45214080810547
608.1521606445312	-87.78697204589844
609.1481323242188	-88.39564514160156
609.6160888671875	-88.6816177368164
610.6719360351562	-89.32698822021484
611.2450561523438	-89.67731475830078
611.7135009765625	-89.96368408203125
612.2966918945312	-90.32007598876953
612.777587890625	-90.61399841308594
613.3707885742188	-90.9767837524414
613.90576171875	-91.30394744873047
614.507080078125	-91.67144012451172
615.6248779296875	-92.3543930053711
616.133544921875	-92.66531372070312
617.2615356445312	-93.35464477539062
617.8821411132812	-93.73394775390625
618.407958984375	-94.05533599853516
619.0341186523438	-94.43809509277344
619.6032104492188	-94.78604125976562
620.2377319335938	-95.17404174804688
620.8740844726562	-95.5631103515625
621.5172119140625	-95.95632934570312
622.1622314453125	-96.35074615478516
622.1622314453125	-97.09175872802734
623.3741455078125	-97.09175872802734
624.0498046875	-97.5050277709961
624.60888671875	-97.84696197509766
624.60888671875	-98.27127075195312
625.3027954101562	-98.27127075195312
625.9075927734375	-98.6411361694336
626.6004638671875	-99.06482696533203
627.9109497070312	-99.8662109375
628.46875	-100.20723724365234
629.1573486328125	-100.62824249267578
629.1573486328125	-100.97881317138672
629.7306518554688	-100.97881317138672
629.7306518554688	-101.39852905273438
630.417236328125	-101.39852905273438
630.9822998046875	-101.74398803710938
631.6666259765625	-102.16246032714844
632.2359619140625	-102.51051330566406
632.9181518554688	-102.9277114868164
634.159912109375	-103.68696594238281
634.71142578125	-104.0242691040039
635.930419921875	-104.76959991455078
636.6065063476562	-105.18294525146484
637.160888671875	-105.52193450927734
637.8348999023438	-105.93412780761719
638.3909912109375	-106.2742691040039
639.0630493164062	-106.6852798461914
640.2888793945312	-107.43513488769531
641.5121459960938	-108.1835708618164
641.5121459960938	-108.5116195678711
642.0482177734375	-108.5116195678711
642.7145385742188	-108.91915893554688
643.2332763671875	-109.23645782470703
643.8975219726562	-109.64280700683594
644.4778442382812	-109.99781799316406
645.1399536132812	-110.40294647216797
646.37646484375	-111.1595687866211
646.9287109375	-111.49755096435547
648.1417846679688	-112.24040222167969
648.7922973632812	-112.63748168945312
649.3247680664062	-112.9579086303711
649.982421875	-113.35028076171875
650.5237426757812	-113.67247009277344
651.1802978515625	-114.0630111694336
652.3944702148438	-114.78604125976562
652.943603515625	-115.11347198486328
652.943603515625	-115.50253295898438
653.595703125	-115.50253295898438
654.0994262695312	-115.80316162109375
654.7493896484375	-116.19119262695312
655.2882080078125	-116.5128173828125
655.936279296875	-116.89960479736328
656.4954833984375	-117.2332534790039
657.1415405273438	-117.6186752319336
658.2989501953125	-118.30886840820312
658.7977905273438	-118.60633850097656
659.439697265625	-118.98918914794922
660.0023803710938	-119.32476806640625
660.6421508789062	-119.70635223388672
661.1380615234375	-120.00215911865234
661.77587890625	-120.38256072998047
662.3956909179688	-120.75228881835938
663.0338745117188	-121.13260650634766
663.5457153320312	-121.43907165527344
664.1783447265625	-121.8197250366211
665.3251953125	-122.511962890625
665.8765869140625	-122.84495544433594
665.8765869140625	-123.53556823730469
667.02099609375	-123.53556823730469
667.6454467773438	-123.9122314453125
668.1752319335938	-124.23204803466797
668.797119140625	-124.60745239257812
669.2898559570312	-124.90489959716797
669.9092407226562	-125.27882385253906
671.0478515625	-125.96621704101562
671.5934448242188	-126.29554748535156
672.2080688476562	-126.66645812988281
672.7132568359375	-126.97130584716797
673.3255615234375	-127.34073638916016
673.8583374023438	-127.6620864868164
674.4424438476562	-128.0143585205078
674.9058837890625	-128.29391479492188
675.4389038085938	-128.615478515625
676.3291625976562	-129.1526336669922
676.6748046875	-129.36117553710938
677.1075439453125	-129.62216186523438
677.1075439453125	-129.8361358642578
677.4625854492188	-129.8361358642578
677.8414916992188	-130.064697265625
678.1300659179688	-130.2388458251953
678.4799194335938	-130.44998168945312
679.1107788085938	-130.83071899414062
679.3843383789062	-130.9959716796875
679.3843383789062	-131.20533752441406
679.7312622070312	-131.20533752441406
680.0131225585938	-131.37548828125
680.3583984375	-131.5839385986328
680.6386108398438	-131.75308227539062
680.9823608398438	-131.96051025390625
681.6152954101562	-132.34251403808594
682.2317504882812	-132.71450805664062
682.4706420898438	-132.85855102539062
682.7340698242188	-133.0174102783203
682.931640625	-133.1366729736328
683.1431274414062	-133.2642822265625
683.4503173828125	-133.4492645263672
683.6595458984375	-133.5751495361328
